-1 -1 -1 -1 -1 -1 -1 -1 -1 -1 -1 -1 -1 -1 -1 -1 -1 -1 -1 -1 -1 -1 -1 -1 -1 -1 -1 -1 -1 -1 -1 -1 -1 -1 -1 -1 -1 -1 -1 -1 -1 -1 -1 -1 -1 -1 -1 -1 -1 -1 -1 -1 -1 -1 -1 -1 -1 -1 -1 -1 -1 -1 -1 -1 -1 -1 -1 -1 -1 -1 -1 -1 -1 -1 -1 -1 -1 -1 -1 -1 -1 -1 -1 -1 -1 -1 -1 -1 -1 -1 -1 -1 -1 -1 -1 -1 -1 -1 -1 -1 -1 -1 -1 -1 -1 -1 -1 -1 -1 -1 -1 -1 -1 -1 -1 -1 -1 -1 -1 -1 -1 -1 -1 -1 -1 -1 -1 -1 -1 -1 -1 -1 -1 -1 -1 -1 -1 -1 -1 -1
-1 -1 -1 -1 -1 -1 -1 -1 -1 -1 -1 -1 -1 -1 -1 -1 -1 -1 -1 -1 -1 -1 -1 -1 -1 -1 -1 -1 -1 -1 -1 -1 -1 -1 -1 -1 -1 -1 -1 -1 -1 -1 -1 -1 -1 -1 -1 -1 -1 -1 -1 -1 -1 -1 -1 -1 -1 -1 -1 -1 -1 -1 -1 -1 -1 -1 -1 -1 -1 -1 -1 -1 -1 -1 -1 -1 -1 -1 -1 -1 -1 -1 -1 -1 -1 -1 -1 -1 -1 -1 -1 -1 -1 -1 -1 -1 -1 -1 -1 -1 -1 -1 -1 -1 -1 -1 -1 -1 -1 -1 -1 -1 -1 -1 -1 -1 -1 -1 -1 -1 -1 -1 -1 -1 -1 -1 -1 -1 -1 -1 -1 -1 -1 -1 -1 -1 -1 -1 -1 -1
-1 -1 -1 -1 -1 -1 -1 -1 -1 -1 -1 -1 -1 -1 -1 -1 -1 -1 -1 -1 -1 -1 -1 -1 -1 -1 -1 -1 -1 -1 -1 -1 -1 -1 -1 -1 -1 -1 -1 -1 -1 -1 -1 -1 -1 -1 -1 -1 -1 -1 -1 -1 -1 -1 -1 -1 -1 -1 -1 -1 -1 -1 -1 -1 -1 -1 -1 -1 -1 -1 -1 -1 -1 -1 -1 -1 -1 -1 -1 -1 -1 -1 -1 -1 -1 -1 -1 -1 -1 -1 -1 -1 -1 -1 -1 -1 -1 -1 -1 -1 -1 -1 -1 -1 -1 -1 -1 -1 -1 -1 -1 -1 -1 -1 -1 -1 -1 -1 -1 -1 -1 -1 -1 -1 -1 -1 -1 -1 -1 -1 -1 -1 -1 -1 -1 -1 -1 -1 -1 -1
-1 -1 -1 -1 -1 -1 -1 -1 -1 -1 -1 -1 -1 -1 -1 -1 -1 -1 -1 -1 -1 -1 -1 -1 -1 -1 -1 -1 -1 -1 -1 -1 -1 -1 -1 -1 -1 -1 -1 -1 -1 -1 -1 -1 -1 -1 -1 -1 -1 -1 -1 -1 -1 -1 -1 -1 -1 -1 -1 -1 -1 -1 -1 -1 -1 -1 -1 -1 -1 -1 -1 -1 -1 -1 -1 -1 -1 -1 -1 -1 -1 -1 -1 -1 -1 -1 -1 -1 -1 -1 -1 -1 -1 -1 -1 -1 -1 -1 -1 -1 -1 -1 -1 -1 -1 -1 -1 -1 -1 -1 -1 -1 -1 -1 -1 -1 -1 -1 -1 -1 -1 -1 -1 -1 -1 -1 -1 -1 -1 -1 -1 -1 -1 -1 -1 -1 -1 -1 -1 -1
-1 -1 -1 -1 -1 -1 -1 -1 -1 -1 -1 -1 -1 -1 -1 -1 -1 -1 -1 -1 -1 -1 -1 -1 -1 -1 -1 -1 -1 -1 -1 -1 -1 -1 -1 -1 -1 -1 -1 -1 -1 -1 -1 -1 -1 -1 -1 -1 -1 -1 -1 -1 -1 -1 -1 -1 -1 -1 -1 -1 -1 -1 -1 -1 -1 -1 -1 -1 -1 -1 -1 -1 -1 -1 -1 -1 -1 -1 -1 -1 -1 -1 -1 -1 -1 -1 -1 -1 -1 -1 -1 -1 -1 -1 -1 -1 -1 -1 4094 4093 -1 -1 -1 -1 -1 -1 -1 -1 -1 -1 -1 -1 -1 -1 -1 -1 -1 -1 -1 -1 -1 -1 -1 -1 -1 -1 -1 -1 -1 -1 -1 -1 -1 -1 -1 -1 -1 -1 -1 -1
-1 -1 -1 -1 -1 -1 -1 -1 -1 -1 -1 -1 -1 -1 -1 -1 -1 -1 -1 -1 -1 -1 -1 -1 -1 -1 -1 -1 -1 -1 -1 -1 -1 -1 -1 -1 -1 -1 -1 -1 -1 -1 -1 -1 -1 -1 -1 -1 -1 -1 -1 -1 -1 -1 -1 -1 -1 -1 -1 -1 -1 -1 -1 -1 -1 -1 -1 -1 -1 -1 -1 -1 -1 -1 -1 5342 5341 -1 -1 -1 -1 -1 -1 -1 -1 -1 -1 -1 -1 -1 -1 -1 -1 -1 -1 -1 4099 4098 4095 4092 4091 4026 4025 4024 -1 -1 -1 -1 -1 -1 -1 -1 -1 -1 -1 -1 -1 -1 -1 -1 -1 -1 -1 -1 -1 -1 -1 -1 -1 -1 -1 -1 -1 -1 -1 -1 -1 -1 -1 -1
-1 -1 -1 -1 -1 -1 -1 -1 -1 -1 -1 -1 -1 -1 -1 -1 -1 -1 -1 -1 -1 -1 -1 -1 -1 -1 -1 -1 -1 -1 -1 -1 -1 -1 -1 -1 -1 -1 -1 -1 -1 -1 -1 -1 -1 -1 -1 -1 -1 -1 -1 -1 -1 -1 -1 -1 -1 -1 -1 -1 -1 -1 -1 -1 -1 -1 -1 -1 -1 -1 -1 5349 5348 5347 -1 5343 5340 -1 5318 5317 5316 -1 -1 -1 -1 -1 -1 -1 -1 -1 -1 -1 -1 4103 4102 4101 4100 4097 4096 4089 4090 4027 4022 4023 3994 3993 -1 -1 -1 -1 -1 -1 -1 -1 -1 -1 -1 -1 -1 -1 -1 -1 -1 -1 -1 -1 -1 -1 -1 -1 -1 -1 -1 -1 -1 -1 -1 -1 -1 -1
-1 -1 -1 -1 -1 -1 -1 -1 -1 -1 -1 -1 -1 -1 -1 -1 -1 -1 -1 -1 -1 -1 -1 -1 -1 -1 -1 -1 -1 -1 -1 -1 -1 -1 -1 -1 -1 -1 -1 -1 -1 -1 -1 -1 -1 -1 -1 -1 -1 -1 -1 -1 -1 -1 -1 -1 -1 -1 5993 5992 5987 5986 -1 -1 -1 -1 -1 -1 -1 -1 -1 5350 5351 5346 5345 5344 5339 5320 5319 5314 5315 -1 -1 -1 -1 -1 -1 -1 -1 -1 -1 -1 -1 4104 4105 4108 4109 4110 4111 4088 4087 4028 4021 4020 3995 3992 -1 -1 -1 -1 -1 -1 -1 -1 -1 -1 -1 -1 -1 -1 -1 -1 -1 -1 -1 -1 -1 -1 -1 -1 -1 -1 -1 -1 -1 -1 -1 -1 -1 -1
-1 -1 -1 -1 -1 -1 -1 -1 -1 -1 -1 -1 -1 -1 -1 -1 -1 -1 -1 -1 -1 -1 -1 -1 -1 -1 -1 -1 -1 -1 -1 -1 -1 -1 -1 -1 -1 -1 -1 -1 -1 -1 -1 -1 -1 -1 -1 -1 -1 -1 -1 -1 -1 -1 -1 -1 5998 5997 5994 5991 5988 5985 5984 -1 -1 -1 -1 -1 -1 5815 5814 -1 5352 5353 5354 5355 5338 5321 5312 5313 -1 -1 -1 -1 -1 -1 -1 -1 -1 -1 -1 -1 -1 -1 4106 4107 -1 -1 4112 4085 4086 4029 4030 4019 3996 3991 3972 3971 -1 3961 3960 -1 -1 -1 -1 -1 -1 -1 -1 -1 -1 -1 -1 -1 -1 -1 -1 -1 -1 -1 -1 -1 -1 -1 -1 -1 -1 -1 -1 -1
-1 -1 -1 -1 -1 -1 -1 -1 -1 -1 -1 -1 -1 -1 -1 -1 -1 -1 -1 -1 -1 -1 -1 -1 -1 -1 -1 -1 -1 -1 -1 -1 -1 -1 -1 -1 -1 -1 -1 -1 -1 -1 -1 -1 -1 -1 -1 -1 -1 -1 -1 -1 -1 -1 6025 6024 5999 5996 5995 5990 5989 5982 5983 5868 5867 -1 -1 -1 -1 5816 5813 5796 5795 5358 5357 5356 5337 5322 5311 -1 -1 5298 5297 -1 -1 -1 -1 -1 -1 -1 -1 -1 4139 4138 4137 -1 -1 -1 4113 4084 4083 4082 4031 4018 3997 3990 3973 3970 3963 3962 3959 3958 -1 3776 3775 3774 3773 3772 -1 -1 -1 -1 -1 -1 -1 -1 -1 -1 -1 -1 -1 -1 -1 -1 -1 -1 -1 -1 -1 -1
-1 -1 -1 -1 -1 -1 -1 -1 -1 -1 -1 -1 -1 -1 -1 -1 -1 -1 -1 -1 -1 -1 -1 -1 -1 -1 -1 -1 -1 -1 -1 -1 -1 -1 -1 -1 -1 -1 -1 -1 6762 6761 6760 -1 -1 -1 6744 6743 -1 -1 -1 -1 -1 -1 6026 6023 6000 6001 6002 5979 5980 5981 -1 5869 5866 -1 -1 -1 5818 5817 5812 5797 5794 5359 5360 5361 5336 5323 5310 5309 5308 5299 5296 -1 -1 -1 -1 -1 -1 -1 -1 -1 4140 4141 4136 4135 -1 4115 4114 4079 4080 4081 4032 4017 3998 3989 3974 3969 3964 3951 3952 3957 3956 3777 3778 3779 3770 3771 -1 -1 -1 -1 -1 -1 -1 -1 -1 -1 -1 -1 -1 -1 -1 -1 -1 -1 -1 -1 -1 -1
-1 -1 -1 -1 -1 -1 -1 -1 -1 -1 -1 -1 -1 -1 -1 -1 -1 -1 -1 -1 -1 -1 -1 -1 -1 -1 -1 -1 -1 -1 -1 -1 -1 -1 -1 -1 -1 -1 6769 6768 6763 6764 6759 6750 6749 -1 6745 6742 6741 -1 6039 6038 6033 6032 6027 6022 6005 6004 6003 5978 5977 5976 5975 5870 5865 5864 5831 5830 5819 5820 5811 5798 5793 5364 5363 5362 5335 5324 5305 5306 5307 5300 5295 5294 -1 -1 -1 -1 -1 -1 -1 4146 4145 4142 4133 4134 4117 4116 4077 4078 4059 4058 4033 4016 3999 3988 3975 3968 3965 3950 3953 3954 3955 -1 3781 3780 3769 3768 -1 -1 -1 -1 -1 -1 -1 -1 -1 -1 -1 -1 -1 -1 -1 -1 -1 -1 -1 -1 -1 -1
-1 -1 -1 -1 -1 -1 -1 -1 -1 -1 -1 -1 -1 -1 -1 -1 -1 -1 -1 -1 -1 -1 -1 -1 -1 -1 -1 -1 -1 -1 -1 -1 -1 -1 -1 -1 -1 -1 6770 6767 6766 6765 6758 6751 6748 6747 6746 6739 6740 6041 6040 6037 6034 6031 6028 6021 6006 6007 6008 5971 5972 5973 5974 5871 5872 5863 5832 5829 5822 5821 5810 5799 5792 5365 5366 5333 5334 5325 5304 5303 5302 5301 5292 5293 -1 -1 -1 -1 -1 -1 4148 4147 4144 4143 4132 4131 4118 4119 4076 4061 4060 4057 4034 4015 4000 3987 3976 3967 3966 3949 3948 -1 -1 -1 3782 3765 3766 3767 -1 -1 -1 -1 -1 -1 -1 -1 -1 -1 -1 -1 -1 -1 -1 -1 -1 -1 -1 -1 -1 -1
-1 -1 -1 -1 -1 -1 -1 -1 -1 -1 -1 -1 -1 -1 -1 -1 -1 -1 -1 -1 6681 6682 -1 -1 -1 -1 -1 -1 6729 6730 6731 -1 -1 -1 -1 -1 -1 -1 6771 6772 6773 6774 6757 6752 6753 6736 6737 6738 -1 6042 6043 6036 6035 6030 6029 6020 -1 6010 6009 5970 -1 5942 5941 5874 5873 5862 5833 5828 5823 5808 5809 5800 5791 5790 5367 5332 -1 5326 5287 5288 5289 5290 5291 -1 -1 -1 5013 5012 -1 -1 4149 4150 4151 4154 4155 4130 4129 4120 4075 4062 4063 4056 4035 4014 4001 3986 3977 3978 3941 3942 3947 3946 3787 3786 3783 3764 3763 3762 -1 -1 -1 -1 -1 -1 -1 -1 -1 -1 -1 -1 -1 -1 -1 -1 -1 -1 -1 -1 -1 -1
-1 -1 -1 -1 -1 -1 -1 -1 -1 -1 -1 -1 -1 -1 -1 -1 -1 -1 -1 6679 6680 6683 6684 -1 -1 -1 6724 6725 6728 6733 6732 -1 -1 -1 -1 -1 -1 -1 -1 6847 6848 6775 6756 6755 6754 6735 6734 6733 -1 -1 6044 6045 6046 6047 6018 6019 6012 6011 5968 5969 5944 5943 5940 5875 5876 5861 5834 5827 5824 5807 5802 5801 5788 5789 5368 5331 5328 5327 5286 5285 5284 5283 5282 5281 -1 -1 5014 5011 -1 -1 -1 -1 4152 4153 4156 4157 4128 4121 4074 4073 4064 4055 4036 4013 4002 3985 3984 3979 3940 3943 3944 3945 3788 3785 3784 3759 3760 3761 -1 3745 3744 -1 -1 3617 3616 -1 -1 -1 -1 -1 -1 -1 -1 -1 -1 -1 -1 -1 -1 -1
-1 -1 -1 -1 -1 -1 -1 -1 -1 -1 -1 -1 -1 -1 -1 -1 -1 -1 -1 6678 6677 6686 6685 -1 -1 6722 6723 6726 6727 6734 6735 6778 6779 -1 -1 -1 6843 6844 6845 6846 6849 6776 6777 6778 6727 6728 6731 6732 -1 6052 6051 6050 6049 6048 6017 6014 6013 5966 5967 -1 5945 5946 5939 5938 5877 5860 5835 5826 5825 5806 5803 5786 5787 5370 5369 5330 5329 5274 5275 5276 5277 5278 5279 5280 -1 -1 5015 5010 5009 -1 4989 4988 -1 4162 4161 4158 4127 4122 4123 4072 4065 4054 4037 4012 4003 4004 3983 3980 3939 -1 3803 3802 3789 3790 3791 3758 -1 -1 3747 3746 3743 -1 3619 3618 3615 -1 -1 -1 -1 -1 -1 -1 -1 -1 -1 -1 -1 -1 -1 -1
-1 -1 -1 -1 -1 -1 -1 -1 -1 -1 -1 -1 -1 -1 -1 -1 -1 -1 6674 6675 6676 6687 6688 6689 6690 6721 6720 6719 6718 6737 6736 6777 6780 6781 -1 -1 6842 6841 6840 6839 6850 -1 6780 6779 6726 6729 6730 6717 6716 6053 6054 6055 6056 6057 6016 6015 5964 5965 -1 -1 5948 5947 5936 5937 5878 5859 5836 5837 5838 5805 5804 5785 5784 5371 5372 5265 5266 5273 5272 5107 5106 5105 5104 -1 5018 5017 5016 5007 5008 4991 4990 4987 4164 4163 4160 4159 4126 4125 4124 4071 4066 4053 4038 4011 -1 4005 3982 3981 3938 3937 3804 3801 3800 3793 3792 3757 3754 3753 3748 3749 3742 -1 3620 3621 3614 -1 -1 -1 -1 -1 -1 -1 -1 -1 -1 -1 -1 -1 -1 -1
-1 -1 -1 -1 -1 -1 -1 -1 -1 -1 -1 -1 -1 -1 -1 -1 -1 -1 6673 6672 6671 6670 6693 6692 6691 -1 6715 6716 6717 6738 6739 6776 6775 6782 6783 -1 -1 6836 6837 6838 6851 6852 6781 6782 6725 6722 6721 6718 6715 6424 6423 6422 6059 6058 6065 6066 5963 5962 -1 5950 5949 5934 5935 5880 5879 5858 5855 5854 5839 5840 5781 5782 5783 5374 5373 5264 5267 5270 5271 5108 5101 5102 5103 5020 5019 5004 5005 5006 4993 4992 4985 4986 4165 4166 4167 4168 4169 4170 4171 4070 4067 4052 4039 4010 4007 4006 3933 3934 3935 3936 3805 3806 3799 3794 3795 3756 3755 3752 3751 3750 3741 3626 3625 3622 3613 -1 3587 3586 3585 -1 -1 -1 -1 -1 -1 -1 -1 -1 -1 -1
-1 -1 -1 -1 -1 -1 -1 -1 -1 -1 -1 -1 -1 -1 -1 -1 -1 -1 -1 6665 6666 6669 6694 6695 6696 -1 6714 6713 6712 6711 6740 6741 6774 6785 6784 6791 6792 6835 6834 6833 6854 6853 -1 6783 6724 6723 6720 6719 6714 6425 6420 6421 6060 6061 6064 6067 6068 5961 5960 5951 5952 5933 5932 5881 5882 5857 5856 5853 5842 5841 5780 5779 5376 5375 5262 5263 5268 5269 5110 5109 5100 5099 -1 5021 5022 5003 -1 -1 4994 4983 4984 4333 4332 -1 4328 4327 4174 4173 4172 4069 4068 4051 4040 4009 4008 3931 3932 3881 3880 3809 3808 3807 3798 3797 3796 3731 3732 3737 3738 3739 3740 3627 3624 3623 3612 -1 3588 3583 3584 -1 -1 -1 -1 -1 -1 -1 -1 -1 -1 -1
-1 -1 -1 -1 -1 -1 -1 -1 -1 -1 -1 -1 -1 -1 -1 -1 -1 -1 -1 6664 6667 6668 6657 6656 6697 6698 -1 6704 6705 6710 6743 6742 6773 6786 6789 6790 6793 6830 6831 6832 6855 6856 6785 6784 6707 6708 6711 6712 6713 6426 6419 -1 -1 6062 6063 -1 6069 6070 5959 5958 5953 5954 5931 5930 5883 5884 5851 5852 5843 5776 5777 5778 5377 5378 5261 5260 5259 5258 5111 5114 5115 5098 5097 5096 5023 5002 5001 4996 4995 4982 4335 4334 4331 4330 4329 4326 4175 4176 4177 4048 4049 4050 4041 3928 3929 3930 3883 3882 3879 3810 3811 3724 3725 3728 3729 3730 3733 3736 3635 3634 3633 3628 3609 3610 3611 3590 3589 3582 -1 -1 -1 -1 -1 -1 -1 -1 -1 -1 -1 -1
-1 -1 -1 -1 -1 -1 -1 -1 -1 -1 -1 -1 -1 -1 -1 -1 -1 -1 -1 6663 6660 6659 6658 6655 6654 6699 6700 6703 6706 6709 6744 6745 6772 6787 6788 6795 6794 6829 6828 6859 6858 6857 6786 6705 6706 6709 6710 6451 6450 6427 6418 6413 6412 6393 6392 6391 6390 6071 6072 5957 5956 5955 5928 5929 5886 5885 5850 5845 5844 5775 5774 5387 5386 5379 5254 5255 5256 5257 5112 5113 5116 5093 5094 5095 5024 5025 5000 4997 4980 4981 4336 4337 4338 4339 4340 4325 4180 4179 4178 4047 4046 4043 4042 3927 3926 3925 3884 3885 3878 3813 3812 3723 3726 3727 3682 3681 3734 3735 3636 3637 3632 3629 3608 3607 3592 3591 3580 3581 -1 -1 -1 -1 -1 -1 -1 -1 -1 -1 -1 -1
-1 -1 -1 -1 -1 -1 -1 -1 -1 -1 -1 -1 -1 -1 -1 -1 -1 -1 -1 6662 6661 -1 6631 6632 6653 6652 6701 6702 6707 6708 6747 6746 6771 6770 6769 6796 6819 6820 6827 6860 6865 6866 6787 6704 6521 6520 -1 6452 6449 6428 6417 6414 6411 6394 6395 6388 6389 -1 6073 6074 6077 6078 5927 5926 5887 5888 5849 5846 5771 5772 5773 5388 5385 5380 5253 5252 5251 -1 5121 5120 5117 5092 5051 5050 5027 5026 4999 4998 4979 4978 4373 4372 4343 4342 4341 4324 4181 4182 4185 4186 4045 4044 3917 3918 3919 3924 3923 3886 3877 3814 3815 3722 3721 3684 3683 3680 3679 -1 3639 3638 3631 3630 3605 3606 3593 3594 3579 3578 3577 -1 -1 -1 -1 -1 -1 -1 -1 -1 -1 -1
-1 -1 -1 -1 -1 -1 -1 -1 -1 -1 -1 -1 6324 6325 6328 6329 6332 6333 6334 -1 -1 6629 6630 6633 6634 6651 6650 6649 6648 6647 6748 6757 6758 -1 6768 6797 6818 6821 6826 6861 6864 6867 6788 6703 6522 6519 6518 6453 6448 6429 6416 6415 6410 6409 6396 6387 -1 6087 6086 6075 6076 6079 5924 5925 5890 5889 5848 5847 5770 5769 5390 5389 5384 5381 5248 5249 5250 5123 5122 5119 5118 5091 5052 5049 5028 5029 5030 4975 4976 4977 4374 4371 4344 4345 4346 4323 4322 4183 4184 4187 3914 3915 3916 -1 3920 3921 3922 3887 3876 -1 3816 3719 3720 3685 3686 3687 3678 3677 3640 3641 3642 3603 3604 -1 -1 3595 3574 3575 3576 -1 -1 -1 -1 -1 -1 -1 -1 -1 -1 -1
-1 -1 -1 -1 -1 -1 -1 -1 -1 6320 6321 6322 6323 6326 6327 6330 6331 6336 6335 6614 6615 6628 6625 6624 6635 6636 6641 6642 6645 6646 6749 6756 6759 6766 6767 6798 6817 6822 6825 6862 6863 6868 6789 6702 6523 6516 6517 6454 6447 6430 6431 6432 6407 6408 6397 6386 6089 6088 6085 6084 6081 6080 5923 5922 5891 5892 5893 5894 5767 5768 5391 5392 5383 5382 5247 5246 5245 5124 5127 5128 5129 5090 5053 5048 5047 5032 5031 4974 4963 4962 4375 4370 4369 4368 4347 4348 4321 4320 4189 4188 3913 3912 3911 -1 -1 3894 3893 3888 3875 3874 3817 3718 -1 3690 3689 3688 3675 3676 -1 3644 3643 3602 -1 3598 3597 3596 3573 3572 -1 -1 -1 -1 -1 -1 -1 -1 -1 -1 -1 -1
-1 -1 -1 -1 -1 -1 -1 -1 -1 6319 6316 6315 6314 6313 6306 6305 6338 6337 6612 6613 6616 6627 6626 6623 6622 6637 6640 6643 6644 6751 6750 6755 6760 6765 6764 6799 6816 6823 6824 6869 6870 6869 6790 6701 6524 6515 6514 6455 6446 6441 6440 6433 6406 6405 6398 6385 6090 6093 6094 6083 6082 5919 5920 5921 5904 5903 -1 5895 5766 5765 5764 5393 5240 5241 5242 5243 5244 5125 5126 5131 5130 5089 5054 5045 5046 5033 4972 4973 4964 4961 4376 4365 4366 4367 -1 4349 4318 4319 4190 4191 4192 4193 3910 3909 3896 3895 3892 3889 3872 3873 3818 3717 3716 3691 3692 3693 3674 3659 3658 3645 3646 3601 3600 3599 3568 3569 3570 3571 -1 -1 -1 -1 3448 3447 -1 -1 -1 -1 -1 -1
-1 -1 -1 -1 -1 -1 -1 -1 -1 6318 6317 -1 6311 6312 6307 6304 6339 6340 6611 6610 6617 6618 6619 6620 6621 6638 6639 6574 6573 6752 6753 6754 6761 6762 6763 6800 6815 6814 6867 6868 -1 6792 6791 6700 6525 6512 6513 6456 6445 6442 6439 6434 6435 6404 6399 6384 6091 6092 6095 6096 6097 5918 5907 5906 5905 5902 5897 5896 5761 5762 5763 5394 5239 5234 5233 -1 5225 5224 5133 5132 5087 5088 5055 5044 5043 5034 4971 4970 4965 4960 4377 4364 4363 4362 4351 4350 4317 4316 -1 4198 4197 4194 3907 3908 3897 3898 3891 3890 3871 3870 3819 3714 3715 3696 3695 3694 3673 3660 3657 3656 3647 3648 3565 3566 3567 3560 3559 3558 3557 -1 3459 3458 3449 3446 -1 -1 -1 -1 -1 -1
-1 -1 -1 -1 -1 -1 -1 -1 -1 -1 -1 -1 6310 6309 6308 6303 6302 6341 6342 6609 6608 6607 6606 6605 6604 6603 6602 6575 6572 6571 6566 6565 6564 6557 6556 6801 6812 6813 6866 6865 6864 6793 6794 6699 6526 6511 -1 6457 6444 6443 6438 6437 6436 6403 6400 6383 6382 6101 6100 6099 6098 5917 5908 5909 5910 5901 5898 5759 5760 5399 5398 5395 5238 5235 5232 5227 5226 5223 5134 5085 5086 5057 5056 5041 5042 5035 5036 4969 4966 4959 4378 4379 4380 4361 4352 4353 4354 4315 4200 4199 4196 4195 3906 3901 3900 3899 3866 3867 3868 3869 3820 3713 3712 3697 3698 3671 3672 3661 3654 3655 3650 3649 3564 3563 3562 3561 3552 3553 3556 3461 3460 3457 3450 3445 -1 -1 -1 -1 -1 -1
-1 -1 -1 -1 -1 -1 -1 -1 -1 -1 -1 -1 -1 -1 6299 6300 6301 6344 6343 6414 6415 6596 6597 6598 6599 6600 6601 6576 6577 6570 6567 6562 6563 6558 6555 6802 6811 6810 6861 6862 6863 6796 6795 6698 6527 6510 6509 6458 6459 6460 6461 6462 6463 6402 6401 6380 6381 6102 6103 6104 6105 5916 5913 5912 5911 5900 5899 5758 5401 5400 5397 5396 5237 5236 5231 5228 5221 5222 5135 5084 -1 5058 5059 5040 5039 5038 5037 4968 4967 4958 4383 4382 4381 4360 4359 4358 4355 4314 4201 4202 4203 4204 3905 3902 3863 3864 3865 -1 3831 3830 3821 3710 3711 3700 3699 3670 3669 3662 3653 3652 3651 3542 3543 3546 3547 3550 3551 3554 3555 3462 3463 3456 3451 3444 3441 3440 3437 3436 -1 -1
-1 -1 -1 -1 -1 -1 6224 6225 6226 -1 -1 6285 6286 6287 6298 6297 6296 6345 -1 6413 6416 6595 6594 6593 6592 6591 6590 6579 6578 6569 6568 6561 6560 6559 6554 6803 -1 6809 6860 6823 6822 6797 6798 6697 6528 6529 6508 6507 6504 6503 6466 6465 6464 6377 6378 6379 -1 6297 6296 6107 6106 5915 5914 5751 5752 5755 5756 5757 5402 5403 5406 5407 5408 5409 5230 5229 5220 5137 5136 5083 5082 -1 5060 4951 4952 4953 4954 4955 4956 4957 4384 4385 4386 4389 4390 4357 4356 4313 4306 4305 4206 4205 3904 3903 3862 3857 3856 3855 3832 3829 3822 3709 -1 3701 3702 3667 3668 3663 3538 3539 3540 3541 3544 3545 3548 3549 -1 -1 3468 3467 3464 3455 3452 3443 3442 3439 3438 3435 3432 3431
-1 -1 -1 6216 6217 -1 6223 6222 6227 6230 6231 6284 6283 6288 6291 6292 6295 6346 6347 6412 6417 6418 6419 6586 6587 6588 6589 6580 -1 6548 6549 6550 6551 6552 6553 6804 6807 6808 6859 6824 6821 6820 6799 6696 6695 6530 6531 6506 6505 6502 6467 6468 6375 6376 -1 6332 6331 6298 6295 6108 6109 6110 6111 5750 5753 5754 5745 5744 -1 5404 5405 -1 5411 5410 5217 5218 5219 5138 5139 5080 5081 5062 5061 4950 -1 4492 4491 4486 4485 4484 4461 4460 4387 4388 4391 4392 4311 4312 4307 4304 4207 4208 4209 4210 3861 3858 3853 3854 3833 3828 3823 3708 3705 3704 3703 3666 3665 3664 3537 3536 3535 3534 3489 3488 -1 3482 3481 3470 3469 3466 3465 3454 3453 3408 3409 3412 3413 3434 3433 3430
-1 -1 6214 6215 6218 6219 6220 6221 6228 6229 6232 6233 6282 6289 6290 6293 6294 6349 6348 6411 6410 6409 6420 6585 6584 6583 6582 6581 6546 6547 6542 6541 6540 6539 6538 6805 6806 6857 6858 6825 6826 6819 6800 6801 6694 6533 6532 6499 6500 6501 6470 6469 6374 6373 6372 6333 6330 6299 6294 6115 6114 6113 6112 5749 5748 5747 5746 5743 5742 5427 5426 5425 5412 5215 5216 5193 5192 5141 5140 5079 5078 5063 5064 4949 4948 4493 4490 4487 4482 4483 4462 4459 4458 4457 4394 4393 4310 4309 4308 4303 4234 4233 4212 4211 3860 3859 3852 3851 3834 3827 3824 3707 3706 3523 3524 3525 3528 3529 3530 3531 3532 3533 3490 3487 3484 3483 3480 3471 3472 3377 3378 3387 3388 3407 3410 3411 3414 3425 3426 3429
-1 -1 6213 6210 6209 6208 6205 6204 6203 6202 6235 6234 6281 6280 6279 6278 6277 6350 -1 6354 6355 6408 6421 6422 6423 6424 6425 -1 6545 6544 6543 6526 6527 -1 6537 6854 6855 6856 -1 6828 6827 6818 6803 6802 6693 6534 6535 6498 6497 6472 6471 6368 6369 6370 6371 6334 6329 6300 6293 6116 6117 6118 6119 6120 5735 5736 5737 5740 5741 5428 5429 5424 5413 5214 5213 5194 5191 5142 5143 5144 5077 5066 5065 4946 4947 4494 4489 4488 4481 4480 4463 4454 4455 4456 4395 4396 4397 4398 4399 4302 4235 4232 4213 4214 4215 3848 3849 3850 3835 3826 3825 3520 3521 3522 -1 3526 3527 3500 3499 -1 3493 3492 3491 3486 3485 3478 3479 3474 3473 3376 3379 3386 3389 3406 3405 3416 3415 3424 3427 3428
-1 -1 6212 6211 -1 6207 6206 -1 6200 6201 6236 6237 6238 -1 6274 6275 6276 6351 6352 6353 6356 6407 6406 6405 6404 6403 6426 6431 6432 6433 6524 6525 6528 6535 6536 6853 6852 6831 6830 6829 6816 6817 6804 6691 6692 -1 6536 6495 6496 6473 6474 6367 6366 6365 -1 6335 6328 6301 6292 6269 6268 6123 6122 6121 5734 5733 5738 5739 5702 5701 5430 5423 5414 5211 5212 5195 5190 5189 -1 5145 5076 5067 4944 4945 -1 4495 4496 4497 4478 4479 4464 4453 4450 4449 4410 4409 4408 4407 4400 4301 4236 4231 4228 4227 4216 3847 3846 -1 3836 3517 3518 3519 3512 3511 -1 3505 3504 3501 3498 3495 3494 3359 3360 3363 3364 3477 3476 3475 3374 3375 3380 3385 3390 3403 3404 3417 3418 3423 -1 -1
-1 -1 -1 -1 -1 -1 -1 -1 6199 6198 6197 6196 6239 6240 6273 6272 6271 6270 6269 6268 6357 6358 6359 6400 6401 6402 6427 6430 6435 6434 6523 6522 6529 6534 6533 6850 6851 6832 6833 6834 6815 6814 6805 6690 6661 6660 6537 6494 6489 6488 6475 6362 6363 6364 6337 6336 6327 6302 6291 6270 6267 6124 6127 6128 6129 5732 5731 5704 5703 5700 5431 5422 5415 5210 -1 5196 5197 5188 5147 5146 5075 5068 4943 4942 4941 4512 4511 4498 4477 4476 4465 4452 4451 4448 4411 4412 4413 4406 4401 4300 4237 4230 4229 4226 4217 3844 3845 3838 3837 3516 3515 3514 3513 3510 3509 3506 3503 3502 3497 3496 3357 3358 3361 3362 3365 3366 3367 3368 3373 3372 3381 3384 3391 3402 3401 -1 3419 3422 -1 -1
-1 -1 -1 -1 -1 -1 -1 -1 -1 6193 6194 6195 6242 6241 6248 6249 6256 6257 6258 6267 6266 6361 6360 6399 6396 6395 6428 6429 6436 -1 6520 6521 6530 6531 6532 6849 -1 6843 6842 6835 6836 6813 6806 6689 6662 6659 6538 6493 6490 6487 6476 6361 6350 6349 6338 6325 6326 6303 6290 6271 6266 6125 6126 -1 6130 5729 5730 5705 5706 5699 5432 5421 5416 5209 5204 5203 5198 5187 5148 5149 5074 5069 4938 4939 4940 4513 4510 4499 4500 4475 4466 4445 4446 4447 4426 4425 4414 4405 4402 4299 4238 4239 4224 4225 4218 3843 3840 3839 3228 3229 3230 3233 3234 3235 3508 3507 3352 3353 3354 3355 3356 3345 3344 3339 3338 3335 3334 3369 3370 3371 3382 3383 3392 3393 3400 -1 3420 3421 -1 -1
-1 -1 -1 -1 -1 -1 -1 6190 6191 6192 6183 6182 6243 6244 6247 6250 6255 6254 6259 -1 6265 6362 6363 6398 6397 6394 6393 6392 6437 6518 6519 6512 6511 6508 6507 6848 6847 6844 6841 6840 6837 6812 6807 6688 6663 6658 6539 6492 6491 6486 6477 6360 6351 6348 6339 6324 6305 6304 6289 6272 6265 6264 6137 6136 6131 5728 5727 5708 5707 5698 5433 5420 5417 5208 5205 5202 5199 5186 5151 5150 5073 5070 4937 4936 4515 4514 4509 4502 4501 4474 4467 4444 4443 4428 4427 4424 4415 4404 4403 4298 4241 4240 4223 4222 4219 3842 3841 3226 3227 -1 3231 3232 3237 3236 3241 3242 3351 3350 3349 3348 3347 3346 3343 3340 3337 3336 3333 3332 3331 3330 3329 3328 3327 3394 3399 -1 -1 -1 -1 -1
-1 -1 -1 -1 -1 -1 -1 6189 6188 6187 6184 6181 6180 6245 6246 6251 6252 6253 6260 6261 6264 6365 6364 6387 6388 6389 6390 6391 6438 6517 6514 6513 6510 6509 6506 6505 6846 6845 -1 6839 6838 6811 6808 6687 6664 6657 6540 6541 6542 6485 6478 6359 6352 6347 6340 6323 6306 6307 6288 6273 6274 6263 6138 6135 6132 5725 5726 5709 5696 5697 5434 5419 5418 5207 5206 5201 5200 5185 5152 -1 5072 5071 -1 4935 4516 4517 4508 4503 4504 4473 4468 4441 4442 4429 4430 4423 4416 -1 4296 4297 4242 4243 -1 4221 4220 3223 3224 3225 3208 3207 3204 3203 3238 3239 3240 3243 3248 3249 3272 3273 3274 3275 3342 3341 3314 3315 3316 3317 3320 3321 3324 3325 3326 3395 3398 -1 -1 -1 -1 -1
-1 -1 -1 -1 -1 -1 -1 -1 -1 6186 6185 -1 6179 6178 6177 6144 6143 6142 6141 6262 6263 6366 6367 6386 6385 6384 6383 6382 6439 6516 6515 6452 6453 6486 6487 6504 6503 6502 6501 6500 6499 6810 6809 6686 6665 6656 6547 6546 6543 6484 6479 6358 6353 6346 6341 6322 6321 6308 6287 6276 6275 6262 6139 6134 6133 5724 5711 5710 5695 5694 5435 -1 5439 5440 -1 5182 5183 5184 5153 5154 4931 4932 4933 4934 4519 4518 4507 4506 4505 4472 4469 4440 4437 4436 4431 4422 4417 4294 4295 4248 4247 4244 3219 3220 3221 3222 3213 3212 3209 3206 3205 3202 3201 3200 3199 3244 3247 3250 3271 3270 3269 3276 3277 3278 3313 3312 3311 3318 3319 3322 3323 -1 -1 3396 3397 -1 -1 -1 -1 -1
-1 -1 -1 -1 -1 -1 -1 -1 6170 6171 6172 6173 6174 6175 6176 6145 6138 6139 6140 6127 6126 6125 6368 6369 6372 6373 6380 6381 6440 6445 6446 6451 6454 6485 6488 6491 6492 6493 6494 6495 6498 6681 6682 6685 6666 6655 6548 6545 6544 6483 6480 6357 6354 6345 6342 6319 6320 6309 6286 6277 6278 6261 6140 6141 5722 5723 5712 5691 5692 5693 5436 5437 5438 5441 5442 5181 5180 5161 5160 5155 4930 4929 4902 4901 4520 4521 4522 4523 4524 4471 4470 4439 4438 4435 4432 4421 4418 4293 4250 4249 4246 4245 3218 3217 3216 3215 3214 3211 3210 3157 3158 3193 3194 3197 3198 3245 3246 3251 3254 3255 3268 3267 -1 3279 3284 3285 3310 3309 3308 3307 3306 -1 -1 -1 -1 -1 -1 -1 -1 -1
-1 -1 -1 -1 -1 -1 -1 -1 6169 6168 6167 6166 6165 6152 6151 6146 6137 6134 6133 6128 6129 6124 6123 6370 6371 6374 6379 6378 6441 6444 6447 6450 6455 6484 6489 6490 6479 6478 6477 6496 6497 6680 6683 6684 6667 6654 6549 6550 6551 6482 6481 6356 6355 6344 6343 6318 6317 6310 6285 6280 6279 6260 6143 6142 5721 5720 5713 5690 5689 5688 5447 5446 5445 5444 5443 5178 5179 5162 5159 5156 4927 4928 4903 4900 4899 4528 4527 4526 4525 -1 4535 4536 -1 4434 4433 4420 4419 4292 4251 3138 3139 3142 3143 3146 3147 3148 3149 3150 3151 3156 3159 3192 3195 3196 3185 3184 3183 3252 3253 3256 3257 3266 3265 3280 3283 3286 3301 3302 3303 3304 3305 -1 -1 -1 -1 -1 -1 -1 -1 -1
-1 -1 -1 -1 -1 -1 -1 -1 -1 -1 -1 6163 6164 6153 6150 6147 6136 6135 6132 6131 6130 -1 6122 6093 6092 6375 6376 6377 6442 6443 6448 6449 6456 6483 6482 6481 6480 6475 6476 6471 6470 6679 6678 6669 6668 6653 6554 6553 6552 -1 6560 6561 6564 6565 6566 6315 6316 6311 6284 6281 6258 6259 6144 6145 6146 5719 5714 5685 5686 5687 5448 5449 5450 5451 5452 5177 5176 5163 5158 5157 4926 4925 4904 4897 4898 4529 4530 4531 4532 4533 4534 4537 4284 4285 4286 4287 4288 4291 4252 3137 3140 3141 3144 3145 3126 3125 3124 3123 3152 3155 3160 3191 3190 3189 3186 3181 3182 3177 3176 3175 3258 3263 3264 3281 3282 3287 3300 3299 3298 3297 -1 -1 -1 -1 -1 -1 -1 -1 -1 -1
-1 -1 -1 -1 -1 -1 -1 -1 -1 -1 6161 6162 6155 6154 6149 6148 6115 6116 6117 6118 6119 6120 6121 6094 6091 6090 6087 6086 6081 6080 6077 6076 6457 6458 6459 6460 6461 6474 6473 6472 6469 6676 6677 6670 -1 6652 6555 6556 6557 6558 6559 6562 6563 6568 6567 6314 6313 6312 6283 6282 6257 6256 6149 6148 6147 5718 5715 5684 5683 5682 5481 5480 5477 5476 5453 5174 5175 5164 4921 4922 4923 4924 4905 4896 4895 4610 4609 4544 4543 4542 4541 4538 4283 4282 4279 4278 4289 4290 4253 3136 3133 3132 3129 3128 3127 3120 3121 3122 3153 3154 3161 3164 3165 3188 3187 3180 3179 3178 3173 3174 3259 3262 -1 3016 3015 3288 3291 3292 3295 3296 -1 -1 -1 -1 -1 -1 -1 -1 -1 -1
-1 -1 -1 -1 -1 -1 -1 -1 -1 -1 6160 6159 6156 -1 -1 6113 6114 6109 6108 6105 6104 6101 6100 6095 6096 6089 6088 6085 6082 6079 6078 6075 6074 6071 6070 6069 6462 6463 6464 6467 6468 6675 6674 6671 6650 6651 6578 6577 6576 6575 6574 6573 6570 6569 6592 6593 6248 6249 6250 6251 6252 6255 6150 6151 6152 5717 5716 5679 5680 5681 5482 5479 5478 5475 5454 5173 5172 5165 4920 4919 4912 4911 4906 4893 4894 4611 4608 4545 4546 4547 4540 4539 -1 4281 4280 4277 4258 4257 4254 3135 3134 3131 3130 3107 3108 3119 3118 3117 3116 3115 3162 3163 3166 3167 3168 3169 3170 3171 3172 -1 3260 3261 3018 3017 3014 3289 3290 3293 3294 -1 -1 -1 -1 -1 -1 -1 -1 -1 -1 -1
-1 -1 -1 -1 -1 -1 -1 -1 -1 -1 -1 6158 6157 -1 -1 6112 6111 6110 6107 6106 6103 6102 6099 6098 6097 5974 5975 6084 6083 -1 5981 5982 6073 6072 -1 6068 6067 6066 6465 6466 6041 6040 6673 6672 6649 6648 6579 6580 6581 6582 6583 6572 6571 6590 6591 6594 6247 6246 6245 6244 6253 6254 6157 6156 6153 5676 5677 5678 5647 5646 5483 5484 5485 5474 5455 5456 5171 5166 5167 4918 4913 4910 4907 4892 4891 4612 4607 4604 4603 4548 4549 4550 4551 4552 4275 4276 4259 4256 4255 -1 3103 3104 3105 3106 3109 3110 3111 3112 3113 3114 3051 3050 3049 3048 3047 3036 3035 -1 3029 3028 3025 3024 3019 3020 3013 3010 3009 3006 3005 -1 -1 -1 -1 -1 -1 -1 -1 -1 -1 -1
-1 -1 -1 -1 -1 -1 -1 -1 -1 -1 -1 -1 -1 -1 -1 5919 5920 -1 5924 5925 -1 5969 5970 5971 5972 5973 5976 5977 5978 5979 5980 5983 6054 6055 6056 6057 6058 6065 6064 6063 6042 6039 6038 6037 6036 6647 6646 6629 6628 6627 6584 6585 6586 6589 6596 6595 6240 6241 6242 6243 6180 6179 6158 6155 6154 5675 5652 5651 5648 5645 5490 5489 5486 5473 5458 5457 5170 5169 5168 4917 4914 4909 4908 -1 4890 4613 4606 4605 4602 4601 4568 4567 4554 4553 4274 4273 4260 4261 3092 3093 3102 3101 3100 3079 3078 3077 3076 3075 3060 3059 3052 3043 3044 3045 3046 3037 3034 3031 3030 3027 3026 3023 3022 3021 3012 3011 3008 3007 3004 2969 2968 2967 2966 -1 -1 -1 -1 -1 -1 -1
-1 -1 -1 -1 -1 -1 -1 -1 -1 -1 -1 5912 5913 -1 5917 5918 5921 5922 5923 5926 5927 5968 5967 5966 5965 5964 5963 5960 5959 5958 5957 5984 6053 6052 6051 6050 6059 6060 6061 6062 6043 6030 6031 6032 6035 6644 6645 6630 6625 6626 6615 6614 6587 6588 6597 6238 6239 6210 6209 6182 6181 6178 6159 5672 5673 5674 5653 5650 5649 5644 5491 5488 5487 5472 5459 5460 -1 4878 4879 4916 4915 4884 4885 4888 4889 4614 4615 4616 -1 4600 4569 4566 4555 4556 -1 4272 4271 4262 3091 3094 3095 3096 3099 3080 3071 3072 3073 3074 3061 3058 3053 3042 3041 3040 3039 3038 3033 3032 2993 2994 2995 2996 2997 2998 2999 3000 3001 3002 3003 2970 2963 2964 2965 -1 -1 -1 -1 -1 -1 -1
-1 -1 -1 -1 -1 -1 -1 -1 -1 -1 5910 5911 5914 5915 5916 5881 5880 5871 5870 5869 5928 5929 -1 5939 5940 5941 5962 5961 5952 5953 5956 5985 5990 5991 -1 6049 6048 6047 6046 6045 6044 6029 6028 6033 6034 6643 6642 6631 6624 6623 6616 6613 6602 6601 6598 6237 6236 6211 6208 6183 6184 6177 6160 5671 5658 5657 5654 5641 5642 5643 5492 5493 5494 5471 5470 5461 5462 4877 4880 4881 4882 4883 4886 4887 4622 4621 4618 4617 4598 4599 4570 4565 4564 4557 4558 -1 4270 4263 3090 3087 3086 3097 3098 3081 3070 3069 3066 3065 3062 3057 3054 2887 2888 2889 2890 2891 2896 2897 2992 2991 2988 2987 2986 2979 2978 2975 2974 2973 2972 2971 2962 2961 2960 -1 -1 -1 -1 -1 -1 -1
-1 -1 -1 -1 -1 -1 -1 -1 -1 -1 5909 5908 5907 5906 5905 5882 5879 5872 5873 5868 5867 5930 5931 5938 5937 5942 5949 5950 5951 5954 5955 5986 5989 5992 6003 6004 6005 6006 6007 6016 6017 6018 6027 6026 6025 6640 6641 6632 6633 6622 6617 6612 6603 6600 6599 6234 6235 6212 6207 6206 6185 6176 6161 5670 5659 5656 5655 5640 5639 5500 5499 5496 5495 5468 5469 5464 5463 4876 4875 4874 4873 4872 4641 4640 4623 4620 4619 4596 4597 4572 4571 -1 4563 4562 4559 4268 4269 4264 3089 3088 3085 3084 3083 3082 -1 3068 3067 3064 3063 3056 3055 2886 2885 2884 2883 2892 2895 2898 2899 2990 2989 2984 2985 2980 2977 2976 2941 2942 2945 2946 2957 2958 2959 -1 -1 -1 -1 -1 -1 -1
-1 -1 -1 -1 -1 -1 -1 -1 -1 -1 5900 5901 5902 5903 5904 5883 5878 5875 5874 -1 5866 5865 5932 -1 5936 5943 5948 5947 5818 5817 5816 5987 5988 5993 6002 6001 6000 5999 6008 6015 6014 6019 6022 6023 6024 6639 6638 6635 6634 6621 6618 6611 6604 6231 6232 6233 6214 6213 6204 6205 6186 6175 6162 5669 5660 5661 5662 5637 5638 5501 5498 5497 -1 5467 5466 5465 4866 4867 4868 4869 4870 4871 4642 4639 4624 4625 -1 4595 4594 4573 4576 4577 4578 4561 4560 4267 4266 4265 2852 2853 2856 2857 2858 2859 2860 2861 2862 2863 2864 2865 2866 2869 2870 2881 2882 2893 2894 -1 2900 2901 2902 2983 2982 2981 2938 2939 2940 2943 2944 2947 2956 -1 -1 -1 -1 -1 -1 -1 -1 -1
-1 -1 -1 -1 -1 -1 -1 -1 -1 -1 5899 5898 5897 5890 5889 5884 5877 5876 -1 5862 5863 5864 5933 5934 5935 5944 5945 5946 5819 -1 5815 5808 5807 5994 5995 5996 5997 5998 6009 6010 6013 6020 6021 5776 5775 5774 6637 6636 -1 6620 6619 6610 6605 6230 6229 6216 6215 -1 6203 6202 6187 6174 6163 5668 5667 5666 5663 5636 5635 5502 5503 5504 5505 5506 4857 4858 4865 4864 4863 4772 4771 4644 4643 4638 4637 4626 4627 4628 4593 4574 4575 4580 4579 2552 2553 2848 2849 2850 2851 2854 2855 2836 2835 2834 2833 2832 2831 2830 2815 2814 2867 2868 2871 2880 2879 2878 2877 2794 2793 -1 2903 2904 2935 2936 2937 2930 2929 2928 2949 2948 2955 2954 -1 -1 -1 -1 -1 -1 -1 -1
-1 -1 -1 -1 -1 -1 -1 -1 -1 -1 -1 5895 5896 5891 5888 5885 5850 5851 5852 5861 5860 5859 5836 5835 5834 5833 5832 5821 5820 5813 5814 5809 5806 5805 5802 5801 5798 5797 5796 6011 6012 5785 5784 5777 5778 5773 5764 5763 -1 5759 5758 6609 6606 6227 6228 6217 6218 -1 6200 6201 6188 6173 6164 6165 6166 5665 5664 5633 5634 5517 5516 5515 5508 5507 4856 4859 4860 4861 4862 4773 4770 4645 4646 4647 4636 4633 4632 4629 4592 4591 4582 4581 -1 2551 2554 2847 2846 2845 2844 2841 2840 2837 2824 2825 2826 2827 2828 2829 2816 2813 2810 2809 2872 2873 2874 2875 2876 2795 2792 2907 2906 2905 2934 2933 2932 2931 2926 2927 2950 2951 2952 2953 -1 -1 -1 -1 -1 -1 -1 -1
-1 -1 -1 -1 -1 -1 -1 -1 -1 -1 -1 5894 5893 5892 5887 5886 5849 5848 5853 5854 5857 5858 5837 5838 5829 5830 5831 5822 5823 5812 5811 5810 -1 5804 5803 5800 5799 5794 5795 5790 5789 5786 5783 5780 5779 5772 5765 5762 5761 5760 5757 6608 6607 6226 6225 6224 6219 6220 6199 6190 6189 6172 6169 6168 6167 5630 5631 5632 5519 5518 5513 5514 5509 4854 4855 4850 4849 4846 4845 4774 4769 4768 4649 4648 4635 4634 4631 4630 -1 4590 4583 2548 2549 2550 2555 2556 2559 2560 2843 2842 2839 2838 2823 2822 2821 2820 2819 2818 2817 2812 2811 2808 2807 2806 2803 2802 -1 2796 2791 2908 2911 2912 2917 2918 2923 2924 2925 -1 -1 2756 2755 -1 -1 -1 -1 -1 -1 -1 -1 -1
-1 -1 -1 -1 -1 -1 -1 -1 -1 -1 -1 -1 -1 -1 5642 5643 5644 5847 5846 5855 5856 5841 5840 5839 5828 5827 5826 5825 5824 5669 5670 5693 5694 5695 5696 5697 5698 5793 5792 5791 5788 5787 5782 5781 5770 5771 5766 5753 5754 5755 5756 5547 5546 5545 -1 6223 6222 6221 6198 6191 -1 6171 6170 5623 5624 5629 5628 5521 5520 -1 5512 5511 5510 4853 4852 4851 4848 4847 4844 4775 4766 4767 4650 4651 4652 4653 4654 4655 4588 4589 4584 2547 2546 2543 2542 2557 2558 2561 -1 2633 2634 2635 2636 2637 2638 2639 2640 2643 2644 2649 2650 2655 2656 2805 2804 2801 2800 2797 2790 2909 2910 2913 2916 2919 2922 -1 2768 2767 -1 2757 2754 2753 -1 -1 -1 -1 -1 -1 -1 -1
-1 -1 -1 -1 -1 -1 -1 -1 -1 -1 -1 -1 -1 -1 5641 5640 5645 5646 5845 5844 5843 5842 5655 5656 5661 5662 5663 5664 -1 5668 5671 5692 5691 5690 5689 5688 5699 5700 5701 5702 5737 5738 5739 5740 5769 5768 5767 5752 5751 5750 5749 5548 5543 5544 5539 5538 5537 6196 6197 6192 5619 5620 5621 5622 5625 5626 5627 5522 5525 5526 -1 4834 4835 4836 4837 4840 4841 4842 4843 4776 4765 4756 4755 4660 4659 4658 4657 4656 4587 4586 4585 -1 2545 2544 2541 2540 2539 2562 2563 2632 2631 2630 2627 2626 2625 2624 2641 2642 2645 2648 2651 2654 2657 2680 2681 2682 2799 2798 2789 2788 2787 2914 2915 2920 2921 2770 2769 2766 2765 2758 2751 2752 -1 -1 -1 -1 -1 -1 -1 -1
-1 -1 -1 -1 -1 -1 -1 -1 -1 -1 -1 -1 -1 -1 -1 5639 5638 5647 5648 5649 5650 5651 5654 5657 5660 5617 5616 5665 5666 5667 5672 5673 5674 5675 5676 5687 5686 5685 5684 5703 5736 5735 -1 5741 5742 5743 5744 5745 5746 5747 5748 5549 5542 5541 5540 5535 5536 6195 6194 6193 5618 5617 5596 5595 5594 5551 5550 5523 5524 5527 5528 4833 4832 4831 4838 4839 4784 4783 4778 4777 4764 4757 4754 4661 4662 4669 4670 4671 2522 2523 2524 2529 2530 2533 2534 -1 2538 2565 2564 2569 2570 2629 2628 2595 2596 2623 2622 2621 2646 2647 2652 2653 2658 2679 2678 2683 2684 2701 2702 2703 2786 2785 2782 2781 2780 2771 2772 2763 2764 2759 2750 -1 -1 -1 -1 -1 -1 -1 -1 -1
-1 -1 -1 -1 -1 -1 -1 -1 -1 -1 -1 -1 -1 5270 5271 -1 5637 5634 5633 5630 5629 5652 5653 5658 5659 5618 5615 5614 5611 5610 5609 5608 5601 5600 5677 5678 5679 5682 5683 5704 5705 5734 5733 5732 5731 5730 5729 5728 5727 5726 -1 5550 5551 5532 5533 5534 5611 5612 5613 5614 5615 5616 5597 5592 5593 5552 5549 5548 5541 5540 5529 5530 4829 4830 4789 4788 4785 4782 4779 4762 4763 4758 4753 4664 4663 4668 4673 4672 2521 2520 2525 2528 2531 2532 2535 2536 2537 2566 2567 2568 2571 2572 2593 2594 2597 2598 2599 2620 2619 2618 2617 2616 2659 2660 2677 2676 2685 2700 2699 2704 2705 2784 2783 2778 2779 2774 2773 2762 2761 2760 2749 2748 -1 -1 -1 -1 -1 -1 -1 -1
-1 -1 -1 -1 -1 -1 -1 -1 -1 -1 -1 -1 5268 5269 5272 5273 5636 5635 5632 5631 5628 5627 5624 5623 5620 5619 -1 5613 5612 -1 5606 5607 5602 5599 5598 5597 5680 5681 5708 5707 5706 5713 5714 5717 5718 5721 5722 5723 5724 5725 5558 5557 5552 5531 5528 5527 5610 5609 5608 5607 5606 5599 5598 5591 5590 5553 5554 5547 5542 5539 5538 5531 4828 4791 4790 4787 4786 4781 4780 4761 4760 4759 4752 4665 4666 4667 4674 2517 2518 2519 2526 2527 2494 2493 2490 2489 2476 2475 2474 2473 2472 2573 2592 2591 2590 2589 2600 2601 2602 2603 2614 2615 -1 2661 2674 2675 2686 2697 2698 -1 2706 2707 2708 2777 2776 2775 2734 2735 2736 2737 2738 2747 2746 2745 -1 -1 -1 -1 -1 -1
-1 -1 -1 -1 -1 -1 -1 -1 -1 -1 -1 -1 5267 5266 5265 5274 5275 5278 5279 5280 -1 5626 5625 5622 5621 5356 5357 -1 5361 5362 5605 5604 5603 5588 5589 5596 5595 5594 5709 5710 5711 5712 5715 5716 5719 5720 5567 5566 5563 5562 5559 5556 5553 5530 5529 5526 5525 5522 5521 5520 5605 5600 5585 5586 5589 5556 5555 5546 5543 5536 5537 5532 4827 4792 4793 -1 4743 4744 4745 4746 4749 4750 4751 4682 4681 4680 4675 2516 2515 2506 2505 2504 2495 2492 2491 2488 2477 2468 2469 2470 2471 2574 -1 2578 2579 2588 2587 2586 2585 2604 2613 2612 2611 2662 2673 -1 2687 2696 2695 2180 2179 2178 2709 2710 2711 2712 2733 -1 2727 2726 2739 2742 2743 2744 -1 -1 -1 -1 -1 -1
-1 -1 -1 -1 -1 -1 -1 -1 -1 -1 -1 -1 -1 -1 5264 5263 5276 5277 5282 5281 5350 5351 5352 5353 5354 5355 5358 5359 5360 5363 5366 5367 5586 5587 5590 5591 5592 5593 5578 5577 -1 5573 5572 5571 5570 5569 5568 5565 5564 5561 5560 5555 5554 5495 5496 5497 5524 5523 5518 5519 5604 5601 5584 5587 5588 5557 -1 5545 5544 5535 5534 5533 4826 4795 4794 4741 4742 4713 4712 4747 4748 4691 4690 4683 4684 4679 4676 2513 2514 2507 2502 2503 2496 2485 2486 2487 2478 2467 2464 2463 2462 2575 2576 2577 2580 2581 2582 2583 2584 2605 2606 2609 2610 2663 2672 2671 2688 2689 2694 2181 2176 2177 2172 2171 2170 2713 2732 2731 2728 2725 2740 2741 -1 -1 -1 -1 -1 -1 -1 -1
-1 -1 -1 -1 -1 -1 -1 -1 -1 -1 -1 -1 -1 -1 -1 5262 5255 5254 5283 5284 5349 5346 5345 5344 5343 5342 5339 5338 5337 5364 5365 5368 5585 5584 5583 5582 5581 5580 5579 5576 5575 5574 5403 5404 5427 5428 5429 5430 5437 5438 5491 5492 5493 5494 -1 5498 5499 5516 5517 -1 5603 5602 5583 5582 5581 5558 5559 -1 4819 4820 -1 4824 4825 4796 -1 4740 4715 4714 4711 4708 4707 4692 4689 4686 4685 4678 4677 2512 2509 2508 2501 2500 2497 2484 2483 2480 2479 2466 2465 -1 2461 2460 2459 2458 2457 2456 2455 2454 2453 -1 2607 2608 2665 2664 2669 2670 -1 2690 2693 2182 2175 2174 2173 2168 2169 2714 2715 2730 2729 2724 2141 2140 2139 2138 -1 -1 -1 -1 -1 -1
-1 -1 -1 -1 -1 -1 -1 -1 -1 -1 -1 -1 5232 5233 5260 5261 5256 5253 5252 5285 5348 5347 5312 5313 5314 5341 5340 5335 5336 5331 5330 5369 5370 5383 5384 5385 5386 5387 5388 5399 5400 5401 5402 5405 5426 5425 5424 5431 5436 5439 5490 5489 5488 5487 5486 5485 5500 5515 5514 -1 -1 -1 5578 5579 5580 5561 5560 4817 4818 4821 4822 4823 4798 4797 4738 4739 4716 4717 4710 4709 4706 4693 4688 4687 2342 2343 2344 2511 2510 2359 2360 2499 2498 -1 2482 2481 -1 2441 2442 2443 2444 2445 2446 2447 2448 2449 2450 2451 2452 2233 2232 2231 2666 2667 2668 2213 2212 2691 2692 2183 2164 2165 2166 2167 2156 2155 2716 2719 2720 2723 2142 2135 2136 2137 -1 -1 -1 -1 -1 -1
-1 -1 -1 -1 -1 -1 -1 -1 -1 -1 -1 5230 5231 5234 5259 5258 5257 -1 5251 5286 5297 5298 5311 5310 5315 5316 5317 5334 5333 5332 5329 5328 5371 5382 5381 5380 5379 5378 5389 5398 5397 5396 5395 5406 5419 5420 5423 5432 5435 5440 5479 5480 5481 5482 5483 5484 5501 5502 5513 5510 5509 5576 5577 5570 5569 5562 5563 4816 4815 4812 4811 4810 4799 -1 4737 4732 4731 4718 4703 4704 4705 4694 4695 -1 2341 2346 2345 2356 2357 2358 2361 2388 2389 2390 2391 2392 2393 2440 2439 2438 2437 2434 2433 2430 2429 2428 2425 2424 -1 2234 2229 2230 2221 2220 2215 2214 2211 -1 2185 2184 2163 2162 2159 2158 2157 2154 2717 2718 2721 2722 2143 2134 -1 -1 -1 -1 -1 -1 -1 -1
-1 -1 -1 -1 -1 -1 -1 -1 -1 -1 5228 5229 5236 5235 -1 -1 -1 5249 5250 5287 5296 5299 -1 5309 5308 5307 5318 5321 5322 5325 5326 5327 5372 5373 5374 5375 5376 5377 5390 5391 5392 5393 5394 5407 5418 5421 5422 5433 5434 5441 5478 5477 5476 5475 5474 5473 5472 5503 5512 5511 5508 5575 5574 5571 5568 5567 5564 -1 4814 4813 4808 4809 4800 4801 4736 4733 4730 4719 4702 4699 4698 4697 4696 2339 2340 2347 2348 2355 2354 2353 2362 2387 2384 2383 2382 2381 2394 -1 2400 2401 2436 2435 2432 2431 -1 2427 2426 2423 2422 2235 2228 -1 2222 2219 2216 2209 2210 2187 2186 2039 2040 2161 2160 2061 2062 2153 2152 2149 2148 2145 2144 2133 2132 2129 2128 -1 -1 -1 -1 -1
-1 -1 -1 -1 -1 -1 -1 -1 -1 -1 5227 5226 5237 5238 5239 -1 5247 5248 5289 5288 5295 5300 5303 5304 5305 5306 5319 5320 5323 5324 5161 5160 5159 5158 5157 5156 5155 5154 5153 5152 5151 5150 5149 5408 5417 5416 5415 4884 4883 5442 5443 5444 5467 5468 5469 5470 5471 5504 5505 5506 5507 -1 5573 5572 -1 5566 5565 -1 -1 -1 4807 4806 4803 4802 4735 4734 4729 4720 4701 4700 2333 2334 -1 2338 2317 2316 2349 2350 2351 2352 2363 2386 2385 2378 2379 2380 2395 2396 2399 2402 2405 2406 -1 2410 2411 2416 2417 2420 2421 2236 2227 2224 2223 2218 2217 2208 2189 2188 2037 2038 2041 2042 2059 2060 2063 2064 2151 2150 2147 2146 2121 2122 2131 2130 2127 -1 -1 -1 -1 -1
-1 -1 -1 -1 -1 -1 -1 -1 -1 5223 5224 5225 5218 5217 5240 5241 5246 5245 5290 5293 5294 5301 5302 5181 5180 5179 5178 5169 5168 5167 5162 5163 5138 5139 5140 5141 5142 5143 5144 5145 5146 5147 5148 5409 5410 5411 5414 4885 4882 4881 4880 5445 5466 5465 5464 5463 5462 5461 5460 -1 -1 4819 4818 -1 -1 -1 -1 -1 -1 -1 -1 4805 4804 -1 -1 -1 4728 4721 4722 2331 2332 2335 2336 2337 2318 2315 2312 2311 2308 2307 2364 2365 2366 2377 2376 2375 2374 2397 2398 2403 2404 2407 2408 2409 2412 2415 2418 2419 -1 2237 2226 2225 2204 2205 2206 2207 2190 2035 2036 2031 2030 2043 2058 2057 2056 2065 2116 2117 2118 2119 2120 2123 2124 2125 2126 -1 -1 -1 -1 -1
-1 -1 -1 -1 -1 -1 -1 -1 -1 5222 5221 5220 5219 5216 5215 5242 5243 5244 5291 5292 5191 5190 5183 5182 5175 5176 5177 5170 -1 5166 5165 5164 5137 5136 5135 5134 5133 5132 5131 5130 5129 5128 5125 5124 -1 5412 5413 4886 4877 4878 4879 5446 5447 5454 5455 5456 5457 5458 5459 4824 4823 4820 4817 -1 -1 -1 -1 -1 -1 -1 -1 -1 -1 -1 -1 -1 4727 4726 4723 2330 2329 2328 2325 2324 2319 2314 2313 2310 2309 2306 2305 2304 2367 2368 2369 2372 2373 2270 2269 2268 2251 2250 2247 2246 2413 2414 -1 2240 2239 2238 2201 2202 2203 2196 2195 2192 2191 2034 2033 2032 2029 2044 2053 2054 2055 2066 2115 2114 2113 2112 2111 2110 2109 2108 2107 2106 2105 -1 -1 -1
-1 -1 -1 -1 -1 -1 -1 -1 -1 -1 -1 5007 5008 5009 5214 5213 5212 5203 5202 5193 5192 5189 5184 -1 5174 5173 5172 5171 5096 5097 -1 5101 5102 5103 5104 5107 5108 5111 5112 5115 5116 5127 5126 5123 5122 4889 4888 4887 4876 4875 4874 4873 5448 5453 5452 4831 4830 4827 4826 4825 4822 4821 4816 4815 4772 4771 -1 -1 -1 -1 -1 -1 -1 -1 -1 -1 -1 4725 4724 1731 1732 2327 2326 2323 2320 2297 2298 2299 2300 2301 2302 2303 2284 2283 2370 2371 2272 2271 -1 2267 2252 2249 2248 2245 2244 2243 2242 2241 1972 1973 2200 2199 2198 2197 2194 2193 2022 2023 2024 2027 2028 2045 2052 2051 -1 2067 2068 2075 2076 2077 2080 2081 2082 2101 2102 2103 2104 -1 -1 -1
-1 -1 -1 -1 -1 -1 -1 -1 -1 4996 4997 5006 5005 5010 5011 5210 5211 5204 5201 5194 5195 5188 5185 5090 5091 5092 5093 5094 5095 5098 5099 5100 5079 5078 5105 5106 5109 5110 5113 5114 5117 5118 5119 5120 5121 4890 4861 4862 4865 4866 4871 4872 5449 5450 5451 4832 4829 4828 4805 4806 4809 4810 4813 4814 4773 4770 -1 -1 -1 -1 -1 -1 -1 -1 -1 -1 -1 -1 1729 1730 1733 1734 -1 2322 2321 2296 2295 2294 2293 2290 2289 2286 2285 2282 2281 2274 2273 2264 2265 2266 2253 1958 1959 1962 1963 1966 1967 1970 1971 1974 1975 1982 1983 2018 2019 2020 2021 -1 2025 2026 -1 2046 2049 2050 1505 1504 2069 2074 2073 2078 2079 2084 2083 2100 2099 2098 -1 -1 -1 -1
-1 -1 -1 -1 -1 -1 -1 -1 -1 4995 4998 4999 5004 5003 5012 5209 5208 5205 5200 5197 5196 5187 5186 5089 5088 5087 5086 5085 5084 5083 5082 5081 5080 5077 5076 5075 5074 5073 5072 5071 -1 4903 4902 4897 4896 4891 4860 4863 4864 4867 4870 4843 4842 4837 4836 4833 4802 4803 4804 4807 4808 4811 4812 -1 4774 4769 -1 -1 -1 -1 -1 -1 -1 -1 -1 -1 -1 -1 1728 1725 1724 1735 1736 1759 1760 1825 1826 1827 2292 2291 2288 2287 -1 2279 2280 2275 2262 2263 2258 2257 2254 1957 1960 1961 1964 1965 1968 1969 1948 1947 1976 1981 1984 2017 2016 2015 2014 2013 2012 2011 2010 2047 2048 -1 1506 1503 2070 2071 2072 1497 1496 2085 2086 2087 2088 2097 -1 -1 -1 -1
-1 -1 -1 -1 -1 -1 -1 -1 -1 4994 4993 5000 5001 5002 5013 5014 5207 5206 5199 5198 5051 5052 5053 5054 5055 5056 5057 5058 5059 5060 5061 5062 5063 5064 5065 5066 5067 5068 5069 5070 4905 4904 4901 4898 4895 4892 4859 4858 4857 4868 4869 4844 4841 4838 4835 4834 4801 4800 4799 4786 4785 -1 4777 4776 4775 4768 -1 -1 -1 -1 -1 -1 -1 -1 -1 -1 -1 -1 1727 1726 1723 1722 1737 1758 1761 1824 1823 1828 1829 1830 1831 1832 1833 2278 2277 2276 2261 2260 2259 2256 2255 1956 1955 1954 1953 1952 1951 1950 1949 1946 1977 1980 1985 1986 1997 1998 1999 2000 2007 2008 2009 -1 1509 1508 1507 1502 1501 1500 1499 1498 1495 1494 1493 -1 2089 2096 -1 -1 -1 -1
-1 -1 -1 -1 -1 -1 -1 -1 -1 -1 4992 4991 4990 4989 5016 5015 5022 5023 5028 5029 5050 5049 5048 5047 5046 5045 4950 4949 4948 4945 4944 4941 4940 4937 4936 4935 4934 -1 4912 4911 4906 4907 4900 4899 4894 4893 4656 4657 4856 4855 4854 4845 4840 4839 4794 4795 4796 4797 4798 4787 4784 -1 4778 4779 4766 4767 -1 -1 -1 -1 -1 -1 -1 -1 -1 -1 -1 1705 1706 1719 1720 1721 1738 1757 1762 1763 1822 1821 1812 1811 1810 1809 1834 1837 1838 1839 1926 1927 1928 1929 1930 1931 1932 1935 1936 1939 1940 1943 1944 1945 1978 1979 1988 1987 1996 1995 1994 2001 2006 2005 -1 1511 1510 1479 1480 1483 1484 1485 1488 1489 1490 1491 1492 -1 2090 2095 2094 -1 -1 -1
-1 -1 -1 -1 -1 -1 -1 -1 4161 4162 4985 4986 4987 4988 5017 5018 5021 5024 5027 5030 5033 5034 -1 5042 5043 5044 4951 4952 4947 4946 4943 4942 4939 4938 -1 4932 4933 4914 4913 4910 4909 4908 4645 4646 4649 4650 4655 4658 4851 4852 4853 4846 4697 4698 4793 4792 4791 4790 4789 4788 4783 4782 4781 4780 4765 4764 -1 -1 -1 -1 -1 -1 -1 -1 -1 -1 1703 1704 1707 1718 1717 1716 1739 1756 1765 1764 1819 1820 1813 1806 1807 1808 1835 1836 1841 1840 1925 1924 1923 1922 1921 1920 1933 1934 1937 1938 1941 1942 1911 1910 1907 1906 1989 1990 1991 1992 1993 2002 2003 2004 1513 1512 1477 1478 1481 1482 -1 1486 1487 -1 -1 -1 -1 -1 2091 2092 2093 -1 -1 -1
-1 -1 -1 -1 -1 -1 -1 -1 4160 4163 4984 4983 4982 4981 4980 5019 5020 5025 5026 5031 5032 5035 5036 5041 5040 4955 4954 4953 -1 4925 4926 4927 4928 4929 4930 4931 -1 4915 4640 4641 4642 4643 4644 4647 4648 4651 4654 4659 4850 4849 4848 4847 4696 4699 4702 4703 4740 4741 4744 4745 4748 4749 4752 4753 4762 4763 -1 -1 -1 -1 -1 -1 -1 -1 -1 -1 1702 1701 1708 1711 1712 1715 1740 1755 1766 -1 1818 1817 1814 1805 1804 1801 1800 1799 1842 -1 1856 1857 1858 1859 -1 1919 1918 1917 1916 1915 1914 1913 1912 1909 1908 1905 1566 1565 1562 1561 1558 1557 1554 1553 1514 1475 1476 1467 1466 -1 1456 1455 1454 -1 -1 -1 -1 -1 -1 -1 -1 -1 -1 -1
-1 -1 -1 -1 -1 -1 -1 4158 4159 4164 4165 -1 4169 4170 4979 4978 4977 4976 4975 4974 4973 4972 5037 5038 5039 4956 4621 4622 4623 4924 4923 4922 4921 4920 4919 4918 4917 4916 4639 4638 4601 4600 4599 4598 4597 4652 4653 4660 4663 4664 4665 4694 4695 4700 4701 4704 4739 4742 4743 4746 4747 4750 4751 4754 4761 -1 -1 -1 -1 -1 -1 -1 -1 -1 -1 -1 1699 1700 1709 1710 1713 1714 1741 1754 1767 1768 -1 1816 1815 -1 1803 1802 1797 1798 1843 1844 1855 1854 1853 1860 1885 1886 1887 1888 1889 1890 1891 1896 1897 1902 1903 1904 1567 1564 1563 1560 1559 1556 1555 1552 1515 1474 1473 1468 1465 1464 1457 1452 1453 1446 1445 -1 -1 -1 -1 -1 -1 -1 -1 -1
-1 -1 -1 -1 -1 -1 -1 4157 4156 4155 4166 4167 4168 4171 4172 4173 4174 4175 4176 -1 4970 4971 4962 4961 4958 4957 4620 4619 4624 4625 4626 4629 4630 4631 4632 4633 4634 4635 4636 4637 4602 4593 4594 4595 4596 4587 4586 4661 4662 -1 4666 4693 4692 4691 -1 4705 4738 4737 4736 4735 4734 -1 4756 4755 4760 -1 -1 -1 -1 -1 -1 -1 -1 -1 1682 1683 1698 1697 1696 1695 1694 1693 1742 1753 1770 1769 1778 1779 -1 1791 1792 1795 1796 1613 1612 1845 1848 1849 1852 1861 1884 1883 1882 1881 1880 1879 1892 1895 1898 1901 1576 1575 1568 1545 1546 1547 1548 1549 1550 1551 1516 1517 1472 1469 1462 1463 1458 1451 -1 1447 1444 1443 1408 1407 -1 -1 -1 -1 -1 -1
-1 -1 -1 -1 -1 -1 -1 -1 -1 4154 4153 4152 4151 4150 4149 4148 4147 4146 4177 4968 4969 4964 4963 4960 4959 4466 4467 4618 4617 4616 4627 4628 4611 4610 4609 4608 4607 4606 4605 4604 4603 4592 4591 4590 4589 4588 4585 4584 4583 4582 4667 4686 4687 4690 4707 4706 4721 4722 4723 4732 4733 -1 4757 4758 4759 -1 -1 -1 -1 -1 -1 -1 1679 1680 1681 1684 1685 1688 1689 1690 1691 1692 1743 1752 1771 1772 1777 1780 1789 1790 1793 1794 1615 1614 1611 1846 1847 1850 1851 1862 1865 1866 1869 1870 1877 1878 1893 1894 1899 1900 1577 1574 1569 1544 1543 1542 1541 1528 1527 1526 1519 1518 1471 1470 1461 1460 1459 1450 1449 1448 1441 1442 1409 1406 1405 -1 -1 -1 -1 -1
-1 -1 -1 -1 -1 -1 -1 -1 -1 4135 4136 4137 4138 4139 4140 4141 4142 4145 4178 4967 4966 4965 -1 4463 4464 4465 4468 4471 4472 4615 4614 4613 4612 4511 4512 4513 4514 4515 4534 4535 4536 4541 4542 4545 4546 4553 4554 4555 4580 4581 4668 4685 4688 4689 4708 4709 4720 4719 4724 4731 4730 2093 2092 2091 -1 -1 -1 -1 -1 -1 -1 -1 1678 1677 1676 1675 1686 1687 1670 1669 1668 1667 1744 1751 1750 1773 1776 1781 1788 1787 1786 1617 1616 1609 1610 1603 1602 1599 1598 1863 1864 1867 1868 1871 1876 1875 -1 1583 1582 -1 1578 1573 1570 1537 1538 1539 1540 1529 1524 1525 1520 1431 1432 1433 1434 1435 1436 1437 1438 1439 1440 -1 1410 1403 1404 -1 -1 -1 -1 -1
-1 -1 -1 -1 -1 -1 -1 -1 -1 4134 4133 4132 4113 4112 4107 4106 4143 4144 4179 4180 4187 4188 4189 4462 4461 4460 4469 4470 4473 4474 4475 4476 -1 4510 4509 4508 4507 4516 4533 4532 4537 4540 4543 4544 4547 4552 4551 4556 4579 4578 4669 4684 4683 4682 4711 4710 4717 4718 4725 4726 4729 2094 2095 2090 -1 -1 -1 -1 -1 -1 -1 -1 -1 1422 1421 1674 1673 1672 1671 -1 1665 1666 1745 1746 1749 1774 1775 1782 1783 1784 1785 1618 -1 1608 1607 1604 1601 1600 1597 1596 1593 1592 1591 1872 1873 1874 1585 1584 1581 1580 1579 1572 1571 1536 -1 1532 1531 1530 1523 1522 1521 1430 1429 1428 1427 1426 1423 1422 1419 1418 1415 1414 1411 1402 1399 1398 -1 -1 -1 -1
-1 -1 -1 -1 -1 -1 4126 4127 4128 4129 4130 4131 4114 4111 4108 4105 4104 4101 4100 4181 4186 4185 4190 4197 4198 4459 4458 4457 4456 4455 4454 4477 4502 4503 4504 4505 4506 4517 4530 4531 4538 4539 4388 4387 4548 4549 4550 4557 4576 4577 4670 4671 4680 4681 4712 4713 4716 -1 -1 4727 4728 -1 2096 2089 2088 -1 -1 -1 -1 -1 -1 -1 -1 1423 1420 1159 1160 1161 1164 1165 1664 1663 1662 1747 1748 1645 1644 1643 1642 1621 1620 1619 1240 1241 1606 1605 -1 1267 1268 1595 1594 -1 1590 1589 1588 1587 1586 1287 1288 1289 1304 1305 1306 1535 1534 1533 1314 1315 1374 1375 1376 1377 1378 1381 1382 1425 1424 1421 1420 1417 1416 1413 1412 1401 1400 1397 -1 -1 -1 -1
-1 -1 -1 -1 -1 -1 4125 4124 4123 4120 4119 4116 4115 4110 4109 -1 4103 4102 4099 4182 4183 4184 4191 4196 4199 4448 4449 4450 4451 4452 4453 4478 4501 4500 4499 4498 4497 4518 4529 4528 4527 4526 4389 4386 4385 4384 4383 4558 4575 4574 4573 4672 4679 4678 4677 4714 4715 2128 2127 2126 -1 -1 2097 2086 2087 -1 1511 1510 1509 1504 1503 -1 -1 1424 1419 1158 1157 1162 1163 1166 1659 1660 1661 1650 1649 1646 1637 1638 1641 1622 -1 1238 1239 1242 1243 1246 1247 1266 1269 1270 1271 1272 1275 1276 1277 1278 1279 1286 1285 1290 1303 1302 1307 1308 1309 1310 1313 1316 1373 -1 1369 1368 1379 1380 1383 1384 1385 1386 1389 1390 1391 1392 1393 1394 1395 1396 -1 -1 -1 -1
-1 -1 -1 -1 -1 -1 -1 -1 4122 4121 4118 4117 4088 4089 4092 4093 4096 4097 4098 4061 4060 4059 4192 4195 4200 4447 4446 4445 4444 4441 4440 4479 4480 4493 4494 4495 4496 4519 4520 4523 4524 4525 4390 4379 4380 4381 4382 4559 4560 4571 4572 4673 4674 4675 4676 -1 -1 2129 2130 2125 2102 2101 2098 2085 2084 2083 1512 1513 1508 1505 1502 1429 1428 1425 1418 1417 1156 1153 1152 1167 1658 1655 1654 1651 1648 1647 1636 1639 1640 1623 1236 1237 1232 1231 1244 1245 1248 1265 1264 1263 1262 1273 1274 1047 1046 1045 1280 1283 1284 1291 1292 1301 1300 1299 1298 1311 1312 1317 1372 1371 1370 1367 1366 1363 1362 1361 1360 1387 1388 -1 1352 1351 1348 1347 -1 -1 -1 -1 -1 -1
-1 -1 -1 -1 -1 -1 -1 -1 -1 -1 -1 4086 4087 4090 4091 4094 4095 4064 4063 4062 4057 4058 4193 4194 4201 4204 4205 -1 4443 4442 4439 4438 4481 4492 4491 4490 4489 4488 4521 4522 -1 4392 4391 4378 4377 4376 4375 4374 4561 4570 4569 4568 2173 2172 2171 2170 2169 2132 2131 2124 2103 2100 2099 2080 2081 2082 1515 1514 1507 1506 1501 1430 1427 1426 1415 1416 1155 1154 1151 1168 1657 1656 1653 1652 1633 1634 1635 1628 1627 1624 1235 1234 1233 1230 1229 1228 1249 1252 1253 -1 1261 1260 1259 1048 1043 1044 1281 1282 1037 1036 1293 1294 1295 1296 1297 1024 1023 1318 1321 1322 1323 1324 1365 1364 1331 1332 1359 1358 1357 1356 1353 1350 1349 1346 1345 -1 -1 -1 -1 -1
-1 -1 -1 -1 -1 -1 -1 -1 -1 -1 -1 4085 4084 4075 4074 4069 4068 4065 4054 4055 4056 4049 4048 4047 4202 4203 4206 4433 4434 4435 4436 4437 4482 4483 4484 4485 4486 4487 4402 4401 4400 4393 4368 4369 4370 4371 4372 4373 4562 4563 4564 4567 2174 2175 2176 2167 2168 2133 2122 2123 2104 2105 2078 2079 -1 1517 1516 1497 1498 1499 1500 1431 1432 1433 1414 1405 1404 1149 1150 1169 1170 -1 1184 1185 1632 1631 1630 1629 1626 1625 -1 1217 1218 1219 1226 1227 1250 1251 1254 1255 1256 1257 1258 1049 1042 1041 1040 1039 1038 1035 1034 1033 1032 1029 1028 1025 1022 1319 1320 1015 1014 1325 1328 1329 1330 1333 1334 1335 1336 1355 1354 1341 1342 1343 1344 -1 -1 -1 -1 -1
-1 -1 -1 -1 -1 3924 3925 -1 -1 -1 4081 4082 4083 4076 4073 4070 4067 4066 4053 4052 4051 4050 -1 4046 4045 4044 4207 4432 4431 4430 4429 4428 4419 4418 4417 4416 4407 4406 4403 4398 4399 4394 4367 4366 4365 4356 4355 4354 4353 -1 4565 4566 2179 2178 2177 2166 2135 2134 2121 2120 2107 2106 2077 2076 2075 1518 1519 1496 1495 1494 -1 -1 1435 1434 1413 1406 1403 1148 1147 1172 1171 1182 1183 1186 1199 1200 1201 1202 -1 1210 1211 1216 1215 1220 1225 1224 1071 1070 1069 1062 1061 1060 1051 1050 915 916 917 918 919 920 921 922 1031 1030 1027 1026 1021 1020 1019 1016 1013 1326 1327 1006 1005 1002 1001 -1 1337 1338 1339 1340 989 988 987 -1 -1 -1 -1 -1
-1 -1 -1 -1 3922 3923 3926 3927 -1 -1 4080 4079 4078 4077 4072 4071 -1 4035 4036 4037 4038 4039 4040 4041 4042 4043 4208 4209 4210 4425 4426 4427 4420 4413 4414 4415 4408 4405 4404 4397 4396 4395 4362 4363 4364 4357 4350 4351 4352 4345 4344 4343 2180 2181 2182 2165 2136 2117 2118 2119 2108 2109 2072 2073 2074 -1 1520 1523 1524 1493 1492 1437 1436 1411 1412 1407 1402 1145 1146 1173 1174 1181 1188 1187 1198 1197 1204 1203 1208 1209 1212 1213 1214 1221 1222 1223 1072 1067 1068 1063 1058 1059 1052 1053 914 913 912 911 908 907 -1 923 924 925 926 933 934 935 1018 1017 1012 1011 1008 1007 1004 1003 1000 999 998 995 994 991 990 985 986 -1 -1 -1 -1 -1
-1 -1 -1 -1 3921 3920 3929 3928 3947 3948 3949 3950 3951 3952 -1 3966 3967 4034 4033 4032 4023 4022 4021 4008 4007 4006 4001 4000 4211 4424 4423 4422 4421 4412 4411 4410 4409 4266 4267 4270 4271 4272 4361 4360 4359 4358 4349 4348 4347 4346 4341 4342 2185 2184 2183 2164 2137 2116 2115 -1 2111 2110 2071 2070 2039 2038 1521 1522 1525 1490 1491 1438 1439 1410 1409 1408 1401 1144 1143 1176 1175 1180 1189 1192 1193 1196 1205 1206 1207 1106 1105 1088 1087 1086 1085 1084 1073 1066 1065 1064 1057 1056 1055 1054 -1 874 875 910 909 906 905 904 903 902 927 932 931 936 945 946 947 1010 1009 968 969 970 971 972 997 996 993 992 983 984 723 722 -1 -1 -1 -1
-1 -1 -1 -1 -1 3919 3930 -1 3946 3945 3944 3943 3942 3953 3964 3965 3968 3969 4030 4031 4024 4019 4020 4009 4010 4005 4002 3999 4212 4217 4218 4259 4260 4261 4262 4263 4264 4265 4268 4269 4274 4273 4296 4297 4298 4299 4336 4337 4338 4339 4340 -1 2186 2187 2188 2163 2138 2139 2114 2113 2112 2065 2066 2069 2040 2037 1530 1529 1526 1489 1484 1483 1440 1441 1442 1443 1400 1399 1142 1177 1178 1179 1190 1191 1194 1195 1122 1121 1120 1107 1104 1089 -1 1081 1082 1083 1074 835 836 837 838 869 870 871 872 873 876 877 878 897 898 899 900 901 928 929 930 937 944 943 948 953 954 967 966 965 964 973 974 977 978 981 982 -1 724 721 -1 -1 -1 -1
-1 -1 -1 -1 3917 3918 3931 3932 -1 -1 3937 3938 3941 3954 3963 3962 3961 3970 4029 4028 4025 4018 4013 4012 4011 4004 4003 3998 4213 4216 4219 4258 4257 4256 4255 4254 4253 4252 4251 -1 4275 4276 4295 4294 4293 4300 4335 4334 4333 4332 4331 -1 2199 2198 2189 2162 2141 2140 2061 2062 2063 2064 2067 2068 2041 2036 1531 1528 1527 1488 1485 1482 1465 1464 1445 1444 1397 1398 1141 1140 1139 1138 1137 1132 1131 1124 1123 1118 1119 1108 1103 1090 1091 1080 1077 1076 1075 834 833 832 839 868 867 866 865 864 863 862 879 896 895 894 893 892 891 890 889 938 941 942 949 952 955 958 959 962 963 -1 975 976 979 980 -1 -1 725 720 -1 -1 -1 -1
-1 -1 -1 -1 3916 3915 3914 3933 3934 3935 3936 3939 3940 3955 3956 3959 3960 3971 3972 4027 4026 4017 4014 3991 3992 3993 3996 3997 4214 4215 4220 4223 4224 4235 4236 4237 4238 4239 4250 4249 4248 4277 4282 4283 4292 4301 4326 4327 4328 4329 4330 2201 2200 2197 2190 2161 2142 2143 2060 2059 2050 2049 2044 2043 2042 2035 1532 1533 1534 1487 1486 1481 1466 1463 1446 1447 1396 1389 1388 1385 1384 1383 1136 1133 1130 1125 1126 1117 1116 1109 1102 1101 1092 1079 1078 827 828 829 830 831 840 841 842 857 858 859 860 861 880 881 882 883 884 885 886 887 888 939 940 -1 950 951 956 957 960 961 762 761 736 735 734 731 730 727 726 719 -1 -1 -1 -1
-1 -1 -1 -1 -1 -1 3913 3912 3909 3908 3907 3904 3903 3902 3957 3958 3895 3894 3973 3974 3975 4016 4015 3990 3989 3994 3995 3796 3795 3794 4221 4222 4225 4234 4233 4232 4231 4240 4243 4244 4247 4278 4281 4284 4291 4302 4325 4324 4323 4322 4321 2202 2203 2196 2191 2160 2145 2144 2057 2058 2051 2048 2045 2032 2033 2034 1537 1536 1535 1478 1479 1480 1467 1462 1449 1448 1395 1390 1387 1386 1381 1382 1135 1134 1129 1128 1127 1114 1115 1110 1099 1100 1093 192 191 826 825 824 823 822 821 820 843 856 855 854 853 852 851 788 787 786 781 780 775 774 773 772 771 770 769 768 767 766 765 764 763 760 737 738 733 732 729 728 717 718 -1 -1 -1 -1
-1 -1 -1 -1 -1 -1 -1 3911 3910 -1 3906 3905 -1 3901 3900 3897 3896 3893 3978 3977 3976 3983 3984 3987 3988 3799 3798 3797 -1 3793 3792 3791 4226 4227 4228 4229 4230 4241 4242 4245 4246 4279 4280 4285 4290 4303 4308 4309 4318 4319 4320 2205 2204 2195 2192 2159 2146 2147 2056 2055 2052 2047 2046 2031 2030 2029 1538 1539 1540 1477 1476 1475 1468 1461 1450 1451 1394 1391 1378 1379 1380 1145 1144 -1 742 741 740 1113 1112 1111 1098 1097 1094 193 190 -1 814 815 816 817 818 819 844 845 846 847 848 849 850 789 790 785 782 779 776 615 616 617 618 751 752 753 754 755 756 757 758 759 740 739 698 699 714 715 716 -1 -1 -1 -1 -1
-1 -1 -1 -1 -1 -1 -1 3868 3869 3870 3871 3872 3875 3876 3899 3898 3891 3892 3979 3980 3981 3982 3985 3986 3801 3800 -1 3784 3785 3786 3789 3790 3773 3772 3769 3768 3767 3766 3765 3764 3763 3762 3761 4286 4289 4304 4307 4310 4317 4316 4315 2206 2207 2194 2193 2158 -1 2148 2149 2054 2053 2020 2021 2024 2025 2028 1547 1546 1541 1542 1473 1474 1469 1460 1453 1452 1393 1392 1377 1150 1149 1146 1143 1142 743 744 739 276 275 270 269 1096 1095 194 189 188 813 812 811 810 807 806 803 802 799 798 795 794 793 792 791 784 783 778 777 614 613 612 619 750 749 748 747 746 745 744 743 742 741 696 697 700 713 712 711 710 -1 -1 -1 -1
-1 -1 -1 -1 -1 -1 -1 3867 3866 3863 3862 3873 3874 3877 3878 3879 3890 3889 3888 3887 3886 3823 3822 3821 3802 3803 3804 3783 3782 3787 3788 3775 3774 3771 3770 3753 3754 3755 3756 3757 3758 3759 3760 4287 4288 4305 4306 4311 4312 4313 4314 2209 2208 2213 2214 2157 2154 2153 2150 2017 2018 2019 2022 2023 2026 2027 1548 1545 1544 1543 1472 1471 1470 1459 1454 1373 1374 1375 1376 1151 1148 1147 1140 1141 -1 745 738 277 274 271 268 265 264 195 196 187 -1 549 550 809 808 805 804 801 800 797 796 561 562 567 568 579 580 581 582 609 610 611 620 621 622 625 626 643 644 683 684 685 686 695 -1 701 702 705 706 709 -1 -1 -1 -1
-1 -1 -1 -1 -1 -1 -1 -1 3865 3864 3861 3858 3857 3854 3853 3880 3881 3882 3883 3884 3885 3824 3819 3820 3809 3808 3805 -1 3781 3780 3777 3776 -1 3750 3751 3752 3737 3736 3733 3732 3729 3728 3727 3726 3715 3714 3707 3706 3703 3702 -1 2210 2211 2212 2215 2156 2155 2152 2151 2016 2015 -1 2007 2006 2003 2002 1549 1550 1551 1552 1553 1554 1555 1458 1455 1372 1371 1354 1353 1152 1137 1138 1139 748 747 746 737 278 273 272 267 266 263 262 197 186 547 548 551 552 553 554 555 556 557 558 559 560 563 566 569 578 577 584 583 608 607 606 605 604 623 624 627 642 645 682 681 680 687 694 693 -1 703 704 707 708 -1 -1 -1 -1
-1 -1 -1 -1 -1 -1 -1 -1 -1 -1 3860 3859 3856 3855 3852 3851 3836 3835 3832 3831 3826 3825 3818 3817 3810 3807 3806 3637 3638 3779 3778 3747 3748 3749 3740 3739 3738 3735 3734 3731 3730 3723 3724 3725 3716 3713 3708 3705 3704 3701 3700 3699 2218 2217 2216 2223 2224 2227 2228 2013 2014 2009 2008 2005 2004 2001 1764 1763 1762 1559 1558 1557 1556 1457 1456 1369 1370 1355 1352 1153 1136 755 754 749 750 735 736 279 280 281 282 259 260 261 198 185 546 545 544 543 542 541 540 539 538 537 536 535 564 565 570 575 576 585 586 587 588 591 592 603 602 601 628 641 646 677 678 679 688 689 692 -1 -1 -1 -1 -1 -1 -1 -1 -1
-1 -1 -1 -1 -1 -1 -1 -1 -1 -1 3845 3846 3847 3848 3849 3850 3837 3834 3833 3830 3827 3606 3607 3816 3811 3634 3635 3636 3639 3640 3641 3746 3745 3742 3741 3676 3677 3678 3679 3680 3681 3722 3721 3720 3717 3712 3709 3694 3695 3696 3697 3698 2219 2220 2221 2222 2225 2226 2229 2012 2011 2010 1997 1998 1999 2000 1765 1766 1761 1560 1561 1562 1563 1366 1367 1368 1357 1356 1351 1154 1135 756 753 752 751 734 729 728 727 284 283 258 251 250 199 184 177 176 169 168 521 522 523 524 525 526 527 534 533 532 571 574 477 476 475 474 589 590 593 594 595 600 629 640 647 676 675 -1 -1 690 691 -1 -1 -1 -1 -1 -1 -1 -1 -1
-1 -1 -1 -1 -1 -1 -1 -1 -1 -1 3844 3843 3842 3841 3840 3839 3838 3599 3600 3829 3828 3605 3608 3815 3812 3633 3630 3629 3628 3627 3642 3643 3744 3743 -1 3675 3674 3673 3672 3671 3682 3685 3686 3719 3718 3711 3710 3693 2656 2655 2654 -1 2648 2647 2492 2491 2236 2235 2230 1983 1984 1985 1996 1993 1992 1771 1770 1767 1760 1581 1580 1565 1564 1365 1364 -1 1358 1349 1350 1155 1134 757 758 759 760 733 730 725 726 285 286 257 252 249 200 183 178 175 170 167 520 519 518 517 516 515 528 529 530 531 572 573 478 471 472 473 -1 465 464 463 596 599 630 639 648 673 674 -1 -1 -1 -1 -1 -1 -1 -1 -1 -1 -1 -1 -1
-1 -1 -1 -1 -1 -1 -1 -1 -1 3590 3591 3592 3593 3594 3595 3596 3597 3598 3601 3602 3603 3604 3609 3814 3813 3632 3631 3620 3621 3626 3625 3644 3649 3650 3665 3666 3667 3668 3669 3670 3683 3684 3687 3688 3689 3690 3691 3692 2657 2658 2653 2652 2649 2646 2493 2490 2237 2234 2231 1982 1981 1986 1995 1994 1991 1772 1769 1768 1759 1582 1579 1566 1567 1568 1363 1360 1359 1348 1347 1156 1133 -1 775 774 761 732 731 724 715 714 287 256 253 248 201 182 179 174 171 166 501 502 503 504 505 514 513 512 511 486 485 480 479 470 469 468 467 466 461 462 597 598 631 638 649 672 669 668 667 -1 -1 -1 -1 -1 -1 -1 -1 -1 -1 -1
-1 -1 -1 -1 -1 -1 -1 -1 -1 3589 3588 3585 3584 3583 3580 3579 3578 3571 3570 3569 3562 3561 3610 3613 3614 -1 3618 3619 3622 3623 3624 3645 3648 3651 3664 3663 3662 3661 3660 3659 3522 3521 2710 2709 2704 2703 2702 2689 2688 2659 2660 2651 2650 2645 2494 2489 2238 2233 2232 1979 1980 1987 1988 1989 1990 1773 1774 1775 1758 1583 1578 1575 1574 1569 1362 1361 1344 1345 1346 1157 1132 777 776 773 762 721 722 723 716 713 288 255 254 247 202 181 180 173 172 165 500 499 498 497 506 507 508 509 510 487 484 481 452 453 454 455 456 459 460 -1 -1 633 632 637 650 671 670 665 666 -1 -1 -1 -1 -1 -1 -1 -1 -1 -1 -1
-1 -1 -1 -1 -1 -1 -1 -1 -1 -1 3587 3586 -1 3582 3581 3576 3577 3572 3567 3568 3563 3560 3611 3612 3615 3616 3617 3550 3549 3548 3547 3646 3647 3652 3653 3654 3655 3656 3657 3658 3523 3520 2711 2708 2705 2700 2701 2690 2687 2686 2661 2642 2643 2644 2495 2488 2239 1976 1977 1978 1941 1940 1899 1898 1893 1892 1777 1776 1757 1584 1577 1576 1573 1570 1341 1342 1343 -1 1159 1158 1131 778 779 772 763 720 719 718 717 712 289 292 293 246 203 204 205 206 207 164 163 408 409 496 495 494 493 492 -1 488 483 482 451 450 449 448 457 458 443 442 -1 634 635 636 651 652 663 664 -1 -1 -1 -1 -1 -1 -1 -1 -1 -1 -1 -1
-1 -1 -1 -1 -1 -1 -1 -1 -1 -1 -1 -1 -1 -1 -1 3575 3574 3573 3566 3565 3564 3559 3558 3557 3554 3553 3552 3551 3544 3545 3546 3533 3532 3531 3530 3529 3528 3527 3526 3525 3524 3519 2712 2707 2706 2699 2692 2691 2684 2685 2662 2641 2508 2507 2496 2487 2240 1975 1974 1973 1942 1939 1900 1897 1894 1891 1778 1779 1756 1585 1586 1587 1572 1571 1340 1339 1212 1211 1160 1129 1130 -1 780 771 764 707 708 709 710 711 290 291 294 245 -1 239 238 -1 208 161 162 407 410 411 412 413 414 491 490 489 420 421 424 425 426 447 446 445 444 441 440 439 -1 -1 -1 653 662 -1 -1 -1 -1 -1 -1 -1 -1 -1 -1 -1 -1 -1
-1 -1 -1 -1 -1 -1 -1 -1 -1 -1 -1 -1 -1 -1 3471 3472 3473 3474 3475 3476 3477 3478 3479 3556 3555 3484 3485 3542 3543 3538 3537 3534 3509 3510 3511 3512 3513 3514 3515 3516 3517 3518 2713 2714 2715 2698 2693 2694 2683 2682 2663 2640 2509 2506 2497 2486 2241 1970 1971 1972 1943 1938 1901 1896 1895 1890 1781 1780 1755 1754 1753 1588 1589 1590 1337 1338 1213 1210 1161 1128 1125 1124 781 770 765 706 705 668 667 656 655 296 295 244 241 240 237 236 209 160 159 406 403 402 399 398 415 416 417 418 419 422 423 -1 427 430 431 434 435 436 437 438 -1 -1 -1 654 661 -1 -1 -1 -1 -1 -1 -1 -1 -1 -1 -1 -1 -1
-1 -1 -1 -1 -1 -1 -1 -1 -1 -1 -1 -1 -1 -1 3470 3469 3468 3467 3464 3463 3458 3457 3480 3481 3482 3483 3486 3541 3540 3539 3536 3535 3508 3507 3506 3505 3092 3091 2764 2763 2762 2753 2752 2717 2716 2697 2696 2695 2680 2681 2664 2639 2510 2505 2498 2485 2242 1969 1958 1957 1944 1937 1902 1903 1904 1889 1782 1783 1784 1785 1752 1599 1598 1591 1336 1215 1214 1209 1162 1127 1126 1123 782 769 766 703 704 669 666 657 654 297 298 243 242 233 234 235 210 157 158 405 404 401 400 397 396 395 394 393 392 391 390 389 428 429 432 433 -1 -1 360 359 358 357 356 655 660 659 -1 -1 -1 -1 -1 -1 -1 -1 -1 -1 -1 -1
-1 -1 -1 -1 -1 -1 -1 -1 -1 -1 -1 -1 -1 -1 -1 3414 3415 3466 3465 3462 3459 3456 3455 3452 3451 3450 3487 3488 -1 3492 3493 3496 3497 3500 3501 3504 3093 3090 2765 2766 2761 2754 2751 2718 2719 2720 2721 2722 2679 2666 2665 2638 2511 2504 2499 2484 2243 1968 1959 1956 1945 1936 1919 1918 1905 1888 1789 1788 1787 1786 1751 1600 1597 1592 1335 1216 1207 1208 1163 1164 1165 1122 783 768 767 702 701 670 665 658 653 652 299 300 301 232 213 212 211 156 151 150 123 122 321 322 323 382 383 384 385 386 387 388 373 372 369 368 365 364 361 352 353 354 355 656 657 658 -1 -1 -1 -1 -1 -1 -1 -1 -1 -1 -1 -1
-1 -1 -1 -1 -1 -1 -1 -1 -1 -1 -1 -1 -1 -1 3412 3413 3416 3417 -1 3461 3460 -1 3454 3453 -1 3449 3448 3489 3490 3491 3494 3495 3498 3499 3502 3503 3094 3089 -1 2767 2760 2755 2750 2747 2746 2735 2734 2723 2678 2667 2668 2637 2512 2503 2500 2483 2244 1967 1960 1955 1946 1935 1920 1917 1906 1887 1790 1791 1792 1749 1750 1601 1596 1593 1334 1217 1206 1201 1200 -1 1166 1121 784 785 786 787 700 671 664 659 650 651 630 629 302 231 214 215 216 155 152 149 124 121 320 319 324 381 380 379 378 377 376 375 374 371 370 367 366 363 362 351 -1 -1 -1 -1 -1 -1 -1 -1 -1 -1 -1 -1 -1 -1 -1 -1 -1 -1
-1 -1 -1 -1 -1 -1 -1 -1 -1 -1 -1 -1 -1 -1 3411 3408 3407 3418 3419 3420 3421 3432 3433 3434 3435 -1 3447 3446 3317 3316 3309 3308 3307 3300 3299 3298 3095 3088 2769 2768 2759 2756 2749 2748 2745 2736 2733 2724 2677 2670 2669 2636 2513 2502 2501 2482 2245 1966 1961 1954 1947 1934 1921 1916 1907 1886 1881 1880 1793 1748 1603 1602 1595 1594 1333 1218 1205 1202 1199 1198 1167 1120 1119 790 789 788 699 672 663 660 649 632 631 628 303 230 227 226 217 154 153 148 125 120 317 318 325 326 329 330 331 332 333 334 335 336 339 340 343 344 345 350 349 -1 -1 -1 -1 -1 -1 -1 -1 -1 -1 -1 -1 -1 -1 -1 -1 -1
-1 -1 -1 -1 -1 -1 -1 -1 -1 -1 -1 -1 -1 -1 3410 3409 3406 3405 3402 3401 3422 3431 3430 3429 3436 3441 3442 3445 3318 3315 3310 3305 3306 3301 -1 3297 3096 3087 2770 -1 2758 2757 2776 2777 2744 2737 2732 2725 2676 2671 2634 2635 2514 2479 2480 2481 2246 1965 1962 1953 1948 1933 1922 1915 1908 1885 1882 1879 1794 1747 1604 1607 1608 1331 1332 1219 1204 1203 -1 1197 1168 1117 1118 791 792 793 698 673 662 661 648 633 626 627 304 229 228 225 218 219 146 147 126 119 316 315 314 327 328 303 302 301 300 299 -1 337 338 341 342 -1 346 347 348 -1 -1 -1 -1 -1 -1 -1 -1 -1 -1 -1 -1 -1 -1 -1 -1 -1
-1 -1 -1 -1 -1 -1 -1 -1 -1 -1 -1 -1 -1 -1 3393 3394 3395 3404 3403 3400 3423 3424 3425 3428 3437 3440 3443 3444 3319 3314 3311 3304 3303 3302 3295 3296 3097 3086 2771 2772 2773 2774 2775 2778 2743 2738 2731 2726 2675 2672 2633 2632 2515 2478 2477 2476 2247 1964 1963 1952 1949 1932 1923 1914 1909 1884 1883 1878 1795 1746 1605 1606 1609 1330 1329 1220 1221 -1 1195 1196 1169 1116 1115 1114 795 794 697 674 -1 646 647 634 625 624 305 306 307 224 221 220 145 128 127 118 311 312 313 -1 305 304 275 276 297 298 293 292 289 288 -1 234 233 224 223 220 219 218 217 -1 -1 -1 -1 -1 -1 -1 -1 -1 -1 -1 -1 -1
-1 -1 -1 -1 -1 -1 -1 -1 -1 -1 -1 -1 -1 -1 3392 3391 3396 3397 3398 3399 3358 3357 3426 3427 3438 3439 3322 3321 3320 3313 3312 3287 3288 3289 3294 3293 3098 3085 3084 2783 2782 2781 2780 2779 2742 2739 2730 2727 2674 2673 -1 2631 2516 2473 2474 2475 2248 2249 2250 1951 1950 1931 1924 1913 1910 -1 1876 1877 1796 1745 1744 1611 1610 -1 1328 1327 1222 1223 1194 1193 1170 1111 1112 1113 796 -1 696 675 676 645 644 635 636 623 622 309 308 223 222 143 144 129 130 117 310 309 308 307 306 273 274 277 296 295 294 291 290 287 286 235 232 225 222 221 214 215 216 -1 -1 -1 -1 -1 -1 -1 -1 -1 -1 -1 -1 -1
-1 -1 -1 -1 -1 -1 -1 -1 -1 -1 -1 -1 -1 -1 -1 3390 3389 3388 3381 3380 3359 3356 3355 3354 3339 3338 3323 3324 3325 3326 -1 3286 3285 3290 3291 3292 3099 3082 3083 2784 2785 2786 2787 -1 2741 2740 2729 2728 -1 2628 2629 2630 2517 2472 2469 2468 2411 2410 2251 2252 1929 1930 1925 1912 1911 1874 1875 1798 1797 1742 1743 1612 1323 1324 1325 1326 1225 1224 1191 1192 1171 1110 1107 1106 797 798 695 678 677 642 643 638 637 620 621 310 311 312 313 142 141 140 131 116 113 112 267 268 271 272 -1 278 279 280 281 282 283 284 285 236 231 226 209 210 213 -1 -1 -1 -1 -1 -1 -1 -1 -1 -1 -1 -1 -1 -1 -1
-1 -1 -1 -1 -1 -1 -1 -1 -1 -1 -1 -1 -1 -1 -1 -1 3386 3387 3382 3379 3360 3351 3352 3353 3340 3337 3330 3329 3328 3327 3276 3277 3284 3283 3282 3101 3100 3081 3080 2791 2790 2789 2788 2797 2798 2801 2802 -1 2626 2627 2522 2521 2518 2471 2470 2467 2412 2409 2254 2253 1928 1927 1926 1871 1872 1873 1800 1799 -1 1741 1740 1613 1322 1317 1316 1227 1226 -1 1190 1173 1172 1109 1108 1105 1104 799 694 679 680 641 640 639 -1 619 618 321 320 319 314 315 138 139 132 115 114 111 266 269 270 -1 -1 255 254 -1 250 249 -1 243 242 237 230 227 208 211 212 -1 -1 -1 -1 -1 -1 -1 -1 -1 -1 -1 -1 -1 -1 -1
-1 -1 -1 -1 -1 -1 -1 -1 -1 -1 -1 -1 -1 -1 -1 -1 3385 3384 3383 3378 3361 3350 3349 3342 3341 3336 3331 3332 3273 3274 3275 3278 3279 3280 3281 3102 3077 3078 3079 2792 2793 2794 2795 2796 2799 2800 2803 2804 2625 2624 2523 2520 2519 -1 2465 2466 2413 2408 2255 2258 2259 2260 -1 1870 1869 1802 1801 1806 1807 1738 1739 1614 1321 1318 1315 1228 1229 1188 1189 1174 1099 1100 1101 1102 1103 800 693 692 681 682 683 684 615 616 617 322 323 318 317 316 137 136 133 108 109 110 265 264 261 260 257 256 253 252 251 248 247 244 241 238 229 228 207 206 205 -1 -1 -1 -1 -1 -1 -1 -1 -1 -1 -1 -1 -1 -1 -1
-1 -1 -1 -1 -1 -1 -1 -1 -1 -1 -1 -1 -1 -1 -1 -1 3374 3375 3376 3377 3362 3363 3348 3343 3344 3335 3334 3333 3272 3271 3270 3269 3110 3109 3108 3103 3076 3075 3068 3067 3066 2823 2822 2821 2814 2813 2806 2805 -1 2623 2524 2525 2462 2463 2464 2415 2414 2407 2256 2257 2262 2261 1864 1865 1868 1803 1804 1805 1808 1737 1736 1615 1320 1319 1314 1231 1230 1187 1176 1175 1098 1097 1068 1067 802 801 -1 691 688 687 686 685 614 613 326 325 324 333 334 335 336 135 134 107 106 87 88 263 262 259 258 107 108 109 112 113 246 245 240 239 188 189 192 193 204 -1 -1 -1 -1 -1 -1 -1 -1 -1 -1 -1 -1 -1 -1 -1
-1 -1 -1 -1 -1 -1 -1 -1 -1 -1 -1 -1 -1 -1 -1 -1 3373 3372 3371 3368 3367 3364 3347 3346 3345 -1 3259 3260 3263 3264 3267 3268 3111 3112 3107 3104 3073 3074 3069 3064 3065 2824 -1 2820 2815 2812 2807 2620 2621 2622 2527 2526 2461 2460 2459 2416 -1 2406 2405 2264 2263 -1 1863 1866 1867 1816 1815 1810 1809 1734 1735 1616 1311 1312 1313 1232 1233 1186 1177 1178 -1 1096 1069 1066 803 804 805 690 689 608 609 610 611 612 327 328 329 332 345 344 337 338 103 104 105 86 89 90 97 98 105 106 -1 110 111 114 117 118 119 186 187 190 191 194 203 202 -1 -1 -1 -1 -1 -1 -1 -1 -1 -1 -1 -1 -1 -1
-1 -1 -1 -1 -1 -1 -1 -1 -1 -1 -1 -1 -1 -1 -1 -1 -1 -1 3370 3369 3366 3365 -1 3255 3256 3257 3258 3261 3262 3265 3266 3117 3116 3113 3106 3105 3072 3071 3070 3063 3062 2825 2826 2819 2816 2811 2808 2619 2616 2615 2528 2529 2530 2457 2458 2417 2418 2419 2404 2265 2266 1861 1862 1849 1848 1817 1814 1811 1732 1733 1618 1617 1310 1287 1286 1235 1234 1185 1180 1179 1094 1095 1070 1065 1058 1057 806 807 808 607 606 603 602 429 428 427 330 331 346 343 342 339 102 101 100 85 -1 91 96 99 104 103 68 67 66 115 116 -1 120 185 184 183 -1 195 200 201 -1 -1 -1 -1 -1 -1 -1 -1 -1 -1 -1 -1 -1 -1
-1 -1 -1 -1 -1 -1 -1 -1 -1 -1 -1 -1 -1 -1 -1 -1 -1 -1 -1 3232 3233 3234 3235 3254 3253 3252 3251 3250 3249 3134 3133 3118 3115 3114 -1 3052 3053 -1 3057 3058 3061 2828 2827 2818 2817 2810 2809 2618 2617 2614 2533 2532 2531 2456 2451 2450 2421 2420 2403 2268 2267 1860 1859 1850 1847 1818 1813 1812 1731 1730 1619 1620 1309 1288 1285 1236 1237 1184 1181 1092 1093 1072 1071 1064 1059 1056 1055 810 809 -1 605 604 601 430 -1 426 419 418 347 348 341 340 97 98 99 84 83 92 95 100 101 102 69 64 65 60 59 122 121 176 177 182 181 196 199 -1 -1 -1 -1 -1 -1 -1 -1 -1 -1 -1 -1 -1 -1 -1
-1 -1 -1 -1 -1 -1 -1 -1 -1 -1 -1 -1 -1 -1 -1 -1 -1 -1 -1 3231 3230 3229 3236 3237 3240 3241 3244 3245 3248 3135 3132 3119 -1 3049 3050 3051 3054 3055 3056 3059 3060 2829 2830 2831 2832 2833 2834 2611 2612 2613 2534 2535 2536 2455 2452 2449 2422 2423 2402 2269 -1 1857 1858 1851 1846 1819 1820 1725 1726 1729 1622 1621 1308 1289 1284 1239 1238 1183 1182 1091 1090 1073 1074 1063 1060 1053 1054 811 812 813 598 599 600 431 432 425 420 417 416 349 350 95 96 91 90 81 82 93 94 75 74 -1 70 63 62 61 58 123 174 175 178 179 180 197 198 -1 -1 -1 -1 -1 -1 -1 -1 -1 -1 -1 -1 -1 -1 -1
-1 -1 -1 -1 -1 -1 -1 -1 -1 -1 -1 -1 -1 -1 -1 -1 -1 -1 -1 -1 -1 3228 3227 3238 3239 3242 3243 3246 3247 3136 3131 3120 3121 3048 3047 2990 2989 2988 2987 2986 2897 2896 2895 2838 2837 2836 2835 2610 2609 2608 2539 2538 2537 2454 2453 2448 2425 2424 2401 2270 2271 1856 1853 1852 1845 1822 1821 1724 1727 1728 1623 1624 1307 1290 1283 1240 1241 1086 1087 1088 1089 1076 1075 1062 1061 1052 1051 816 815 814 597 596 595 434 433 424 421 -1 415 352 351 94 93 92 89 80 79 78 77 76 73 72 71 52 53 56 57 124 173 170 169 166 165 164 163 -1 -1 -1 -1 -1 -1 -1 -1 -1 -1 -1 -1 -1 -1 -1
-1 -1 -1 -1 -1 -1 -1 -1 -1 -1 -1 -1 -1 -1 -1 -1 -1 -1 -1 -1 -1 -1 3226 3225 3214 3213 3210 3209 3208 3137 3130 3123 3122 3045 3046 2991 2982 2983 2984 2985 2898 2893 2894 2839 2840 2841 2842 2843 2606 2607 2540 2541 2544 2545 2446 2447 2426 2427 2400 2399 2272 1855 1854 1843 1844 1823 -1 1723 1722 1631 1630 1625 1306 1291 1282 1243 1242 1085 1084 1081 1080 1077 1046 1047 1048 1049 1050 817 818 -1 592 593 594 435 -1 423 422 413 414 353 354 355 86 87 88 69 68 9 8 7 2 3 50 51 54 55 -1 125 172 171 168 167 160 161 162 -1 -1 -1 -1 -1 -1 -1 -1 -1 -1 -1 -1 -1 -1 -1
-1 -1 -1 -1 -1 -1 -1 -1 -1 -1 -1 -1 -1 -1 -1 -1 -1 -1 -1 -1 -1 -1 3223 3224 3215 3212 3211 3206 3207 3138 3129 3124 -1 3044 3043 2992 2981 2968 2967 2900 2899 2892 2891 2852 2851 2848 2847 2844 2605 2602 2601 2542 2543 2546 2445 2444 2429 2428 2397 2398 2273 2274 2275 1842 1841 1824 1719 1720 1721 1632 1629 1626 1305 1292 1281 1244 1245 1246 1083 1082 1079 1078 1045 1044 903 902 899 898 819 820 591 590 589 436 437 438 439 412 359 358 357 356 85 84 71 70 67 10 11 6 1 4 49 48 47 46 45 126 129 130 139 140 159 158 -1 -1 -1 -1 -1 -1 -1 -1 -1 -1 -1 -1 -1 -1 -1 -1
-1 -1 -1 -1 -1 -1 -1 -1 -1 -1 -1 -1 -1 -1 -1 -1 -1 -1 -1 -1 -1 3221 3222 3217 3216 3201 3202 3205 3140 3139 3128 3125 3040 3041 3042 2993 2980 2969 2966 2901 2902 2903 2890 2853 2850 2849 2846 2845 2604 2603 2600 2549 2548 2547 2442 2443 2430 2431 2396 2395 2292 2291 2276 2277 1840 1825 1718 1713 1712 1633 1628 1627 1304 1293 1280 1269 1268 1247 -1 1251 1252 1041 1042 1043 904 901 900 897 822 821 826 827 588 587 548 547 440 411 360 361 362 363 364 83 72 73 66 13 12 5 0 5 28 29 30 31 44 127 128 131 138 141 142 157 156 -1 -1 -1 -1 -1 -1 -1 -1 -1 -1 -1 -1 -1 -1 -1
-1 -1 -1 -1 -1 -1 -1 -1 -1 -1 -1 -1 -1 -1 -1 -1 -1 -1 -1 -1 -1 3220 3219 3218 3199 3200 3203 3204 3141 3142 3127 3126 3039 3028 3027 2994 2979 2970 2965 2964 2905 2904 2889 2854 2855 2856 -1 2596 2597 2598 2599 2550 2551 2552 2441 2440 2433 2432 2393 2394 2293 2290 2279 2278 1839 1826 1717 1714 1711 1634 1635 1636 1303 1294 1279 1270 1267 1248 1249 1250 1253 1040 1039 1038 905 906 895 896 823 824 825 828 -1 586 549 546 441 410 409 368 367 366 365 82 75 74 65 14 -1 4 1 6 27 26 25 32 43 42 41 132 137 144 143 154 155 -1 -1 -1 -1 -1 -1 -1 -1 -1 -1 -1 -1 -1 -1 -1
-1 -1 -1 -1 -1 -1 -1 -1 -1 -1 -1 -1 -1 -1 -1 -1 -1 -1 -1 -1 -1 3189 3190 3191 3198 3197 3196 3145 3144 3143 3036 3037 3038 3029 3026 2995 2978 2971 2972 2963 2906 2907 2888 2859 2858 2857 2594 2595 2582 2581 2568 2567 2554 2553 2438 2439 2434 2391 2392 2295 2294 2289 2280 2281 1838 1827 1716 1715 1710 1709 1638 1637 1302 1295 1278 1271 1266 1259 1258 1257 1254 -1 1036 1037 908 907 894 893 832 831 830 829 584 585 550 545 442 -1 408 369 370 371 372 81 76 77 64 15 16 3 2 7 22 23 24 33 34 39 40 133 136 145 146 153 152 -1 -1 -1 -1 -1 -1 -1 -1 -1 -1 -1 -1 -1 -1 -1
-1 -1 -1 -1 -1 -1 -1 -1 -1 -1 -1 -1 -1 -1 -1 -1 -1 -1 -1 -1 -1 3188 3187 3192 3193 3194 3195 3146 3147 3148 3035 3034 3033 3030 3025 2996 2977 2974 2973 2962 2961 2908 2887 2860 2861 2862 2593 2584 2583 2580 2569 2566 2555 2556 2437 2436 2435 2390 2389 2296 -1 2288 2287 2282 1837 1828 -1 1704 1705 1708 1639 1640 1301 1296 1277 1272 1265 1260 1261 1256 1255 1034 1035 910 909 890 891 892 833 834 835 582 583 552 551 544 443 444 407 406 375 374 373 80 79 78 63 62 17 18 9 8 21 20 19 18 35 38 -1 134 135 -1 147 150 151 -1 -1 -1 -1 -1 -1 -1 -1 -1 -1 -1 -1 -1 -1 -1
-1 -1 -1 -1 -1 -1 -1 -1 -1 -1 -1 -1 -1 -1 -1 -1 -1 -1 -1 -1 -1 -1 3186 3185 3184 3183 3182 3163 3162 3149 3150 -1 3032 3031 3024 2997 2976 2975 -1 2959 2960 2909 2886 2881 2880 2863 2592 2585 2586 2579 2570 2565 2558 2557 2384 2385 2386 2387 2388 2297 2298 2299 2286 2283 1836 1829 1702 1703 1706 1707 1642 1641 1300 1297 1276 1273 1264 1263 1262 -1 1032 1033 912 911 -1 889 888 841 840 837 836 581 554 553 542 543 446 445 404 405 376 377 378 379 380 59 60 61 20 19 10 11 12 15 16 17 36 37 -1 -1 -1 -1 148 149 -1 -1 -1 -1 -1 -1 -1 -1 -1 -1 -1 -1 -1 -1 -1 -1
-1 -1 -1 -1 -1 -1 -1 -1 -1 -1 -1 -1 -1 -1 -1 -1 -1 -1 -1 -1 -1 -1 3177 3178 3179 3180 3181 3164 3161 3152 3151 3020 3021 3022 3023 2998 2955 2956 2957 2958 2911 2910 2885 2882 2879 2864 2591 2588 2587 2578 2571 2564 2559 -1 2383 2382 2381 2380 2335 2334 2301 2300 2285 2284 1835 1830 1701 1700 1699 1644 1643 -1 1299 1298 1275 1274 1021 1022 1025 1026 1031 1030 913 916 917 886 887 842 839 838 579 580 555 556 541 540 447 448 403 402 401 386 385 382 381 58 55 54 21 22 23 -1 13 14 -1 -1 -1 -1 -1 -1 -1 -1 -1 -1 -1 -1 -1 -1 -1 -1 -1 -1 -1 -1 -1 -1 -1 -1 -1 -1
-1 -1 -1 -1 -1 -1 -1 -1 -1 -1 -1 -1 -1 -1 -1 -1 -1 -1 -1 -1 -1 -1 3176 3175 3174 3171 3170 3165 3160 3153 -1 3019 3018 3009 3008 2999 2954 2953 2946 2945 2912 2913 2884 2883 2878 2865 2590 2589 2576 2577 2572 2563 2560 -1 2370 2371 2378 2379 2336 2333 2302 2303 2304 2305 1834 1831 1696 1697 1698 1645 1648 1649 1014 1015 1016 1019 1020 1023 1024 1027 1028 1029 914 915 918 885 884 843 846 847 578 575 574 557 558 539 538 449 -1 399 400 387 384 383 -1 57 56 53 50 49 24 25 26 27 28 -1 -1 -1 -1 -1 -1 -1 -1 -1 -1 -1 -1 -1 -1 -1 -1 -1 -1 -1 -1 -1 -1 -1 -1 -1
-1 -1 -1 -1 -1 -1 -1 -1 -1 -1 -1 -1 -1 -1 -1 -1 -1 -1 -1 -1 -1 -1 -1 -1 3173 3172 3169 3166 3159 3154 3155 -1 3017 3010 3007 3000 2951 2952 2947 2944 2943 2914 2915 2876 2877 2866 2867 -1 2575 2574 2573 2562 2561 2368 2369 2372 2377 2376 2337 2332 2309 2308 2307 2306 1833 1832 1695 1694 1693 1646 1647 1650 1013 1012 1017 1018 993 992 989 988 935 934 923 922 919 882 883 844 845 848 577 576 573 560 559 536 537 450 451 398 397 388 389 390 391 -1 -1 52 51 48 37 36 35 30 29 -1 -1 -1 -1 -1 -1 -1 -1 -1 -1 -1 -1 -1 -1 -1 -1 -1 -1 -1 -1 -1 -1 -1 -1 -1
-1 -1 -1 -1 -1 -1 -1 -1 -1 -1 -1 -1 -1 -1 -1 -1 -1 -1 -1 -1 -1 -1 -1 -1 -1 -1 3168 3167 3158 3157 3156 3015 3016 3011 3006 3001 2950 2949 2948 -1 2942 2917 2916 2875 2874 2869 2868 -1 -1 -1 -1 -1 -1 2367 2366 2373 2374 2375 2338 2331 2310 2311 2312 2313 -1 1689 1690 1691 1692 1663 1662 1651 1652 1011 1010 995 994 991 990 987 936 933 924 921 920 881 880 851 850 849 -1 571 572 561 562 535 534 453 452 -1 396 395 394 393 392 -1 -1 -1 -1 47 38 39 34 31 -1 -1 -1 -1 -1 -1 -1 -1 -1 -1 -1 -1 -1 -1 -1 -1 -1 -1 -1 -1 -1 -1 -1 -1 -1 -1
-1 -1 -1 -1 -1 -1 -1 -1 -1 -1 -1 -1 -1 -1 -1 -1 -1 -1 -1 -1 -1 -1 -1 -1 -1 -1 -1 -1 -1 -1 -1 3014 3013 3012 3005 3002 2937 2938 2939 2940 2941 2918 2919 2920 2873 2870 -1 -1 -1 -1 -1 -1 2363 2364 2365 2356 2355 2354 2339 2330 2319 2318 2315 2314 1687 1688 1675 1674 1665 1664 1661 1654 1653 1008 1009 996 997 984 985 986 937 932 925 926 875 876 879 852 853 854 855 570 569 564 563 -1 533 454 -1 458 459 460 461 -1 -1 -1 -1 -1 -1 46 45 40 33 32 -1 -1 -1 -1 -1 -1 -1 -1 -1 -1 -1 -1 -1 -1 -1 -1 -1 -1 -1 -1 -1 -1 -1 -1 -1 -1
-1 -1 -1 -1 -1 -1 -1 -1 -1 -1 -1 -1 -1 -1 -1 -1 -1 -1 -1 -1 -1 -1 -1 -1 -1 -1 -1 -1 -1 -1 -1 -1 -1 -1 3004 3003 2936 2935 2934 2931 2930 2923 2922 2921 2872 2871 -1 -1 -1 -1 -1 -1 2362 2361 2358 2357 2352 2353 2340 2329 2320 2317 2316 -1 1686 1685 1676 1673 1666 1667 1660 1655 1006 1007 1000 999 998 983 940 939 938 931 930 927 874 877 878 861 860 857 856 -1 568 565 530 531 532 455 456 457 478 477 462 463 464 465 466 -1 -1 -1 44 41 -1 -1 -1 -1 -1 -1 -1 -1 -1 -1 -1 -1 -1 -1 -1 -1 -1 -1 -1 -1 -1 -1 -1 -1 -1 -1 -1 -1
-1 -1 -1 -1 -1 -1 -1 -1 -1 -1 -1 -1 -1 -1 -1 -1 -1 -1 -1 -1 -1 -1 -1 -1 -1 -1 -1 -1 -1 -1 -1 -1 -1 -1 -1 -1 -1 -1 2933 2932 2929 2924 -1 -1 -1 -1 -1 -1 -1 -1 -1 -1 -1 2360 2359 2350 2351 2342 2341 2328 2321 2322 -1 -1 -1 1684 1677 1672 1671 1668 1659 1656 1005 1004 1001 980 981 982 941 942 943 944 929 928 873 866 865 862 859 858 -1 -1 567 566 529 518 517 502 501 500 479 476 475 470 469 468 467 -1 -1 -1 43 42 -1 -1 -1 -1 -1 -1 -1 -1 -1 -1 -1 -1 -1 -1 -1 -1 -1 -1 -1 -1 -1 -1 -1 -1 -1 -1 -1 -1
-1 -1 -1 -1 -1 -1 -1 -1 -1 -1 -1 -1 -1 -1 -1 -1 -1 -1 -1 -1 -1 -1 -1 -1 -1 -1 -1 -1 -1 -1 -1 -1 -1 -1 -1 -1 -1 -1 -1 -1 2928 2925 -1 -1 -1 -1 -1 -1 -1 -1 -1 -1 -1 -1 -1 2349 2348 2343 -1 2327 2326 2323 -1 -1 1682 1683 1678 -1 1670 1669 1658 1657 -1 1003 1002 979 978 969 968 965 964 945 -1 871 872 867 864 863 -1 -1 -1 -1 526 527 528 519 516 503 -1 499 480 481 474 471 -1 -1 -1 -1 -1 -1 -1 -1 -1 -1 -1 -1 -1 -1 -1 -1 -1 -1 -1 -1 -1 -1 -1 -1 -1 -1 -1 -1 -1 -1 -1 -1 -1 -1 -1 -1
-1 -1 -1 -1 -1 -1 -1 -1 -1 -1 -1 -1 -1 -1 -1 -1 -1 -1 -1 -1 -1 -1 -1 -1 -1 -1 -1 -1 -1 -1 -1 -1 -1 -1 -1 -1 -1 -1 -1 -1 2927 2926 -1 -1 -1 -1 -1 -1 -1 -1 -1 -1 -1 -1 -1 -1 2347 2344 -1 -1 2325 2324 -1 -1 1681 1680 1679 -1 -1 -1 -1 -1 -1 -1 975 976 977 970 967 966 963 946 947 870 869 868 -1 -1 -1 -1 -1 -1 525 524 521 520 515 504 505 498 483 482 473 472 -1 -1 -1 -1 -1 -1 -1 -1 -1 -1 -1 -1 -1 -1 -1 -1 -1 -1 -1 -1 -1 -1 -1 -1 -1 -1 -1 -1 -1 -1 -1 -1 -1 -1 -1 -1
-1 -1 -1 -1 -1 -1 -1 -1 -1 -1 -1 -1 -1 -1 -1 -1 -1 -1 -1 -1 -1 -1 -1 -1 -1 -1 -1 -1 -1 -1 -1 -1 -1 -1 -1 -1 -1 -1 -1 -1 -1 -1 -1 -1 -1 -1 -1 -1 -1 -1 -1 -1 -1 -1 -1 -1 2346 2345 -1 -1 -1 -1 -1 -1 -1 -1 -1 -1 -1 -1 -1 -1 -1 -1 974 973 972 971 -1 -1 962 949 948 -1 -1 -1 -1 -1 -1 -1 -1 -1 -1 523 522 513 514 507 506 497 484 485 -1 -1 -1 -1 -1 -1 -1 -1 -1 -1 -1 -1 -1 -1 -1 -1 -1 -1 -1 -1 -1 -1 -1 -1 -1 -1 -1 -1 -1 -1 -1 -1 -1 -1 -1 -1 -1 -1
-1 -1 -1 -1 -1 -1 -1 -1 -1 -1 -1 -1 -1 -1 -1 -1 -1 -1 -1 -1 -1 -1 -1 -1 -1 -1 -1 -1 -1 -1 -1 -1 -1 -1 -1 -1 -1 -1 -1 -1 -1 -1 -1 -1 -1 -1 -1 -1 -1 -1 -1 -1 -1 -1 -1 -1 -1 -1 -1 -1 -1 -1 -1 -1 -1 -1 -1 -1 -1 -1 -1 -1 -1 -1 -1 -1 -1 -1 -1 960 961 950 951 952 -1 -1 -1 -1 -1 -1 -1 -1 -1 -1 -1 512 509 508 495 496 487 486 -1 -1 -1 -1 -1 -1 -1 -1 -1 -1 -1 -1 -1 -1 -1 -1 -1 -1 -1 -1 -1 -1 -1 -1 -1 -1 -1 -1 -1 -1 -1 -1 -1 -1 -1 -1 -1 -1
-1 -1 -1 -1 -1 -1 -1 -1 -1 -1 -1 -1 -1 -1 -1 -1 -1 -1 -1 -1 -1 -1 -1 -1 -1 -1 -1 -1 -1 -1 -1 -1 -1 -1 -1 -1 -1 -1 -1 -1 -1 -1 -1 -1 -1 -1 -1 -1 -1 -1 -1 -1 -1 -1 -1 -1 -1 -1 -1 -1 -1 -1 -1 -1 -1 -1 -1 -1 -1 -1 -1 -1 -1 -1 -1 -1 -1 -1 -1 959 958 957 954 953 -1 -1 -1 -1 -1 -1 -1 -1 -1 -1 -1 511 510 -1 494 493 488 489 -1 -1 -1 -1 -1 -1 -1 -1 -1 -1 -1 -1 -1 -1 -1 -1 -1 -1 -1 -1 -1 -1 -1 -1 -1 -1 -1 -1 -1 -1 -1 -1 -1 -1 -1 -1 -1 -1
-1 -1 -1 -1 -1 -1 -1 -1 -1 -1 -1 -1 -1 -1 -1 -1 -1 -1 -1 -1 -1 -1 -1 -1 -1 -1 -1 -1 -1 -1 -1 -1 -1 -1 -1 -1 -1 -1 -1 -1 -1 -1 -1 -1 -1 -1 -1 -1 -1 -1 -1 -1 -1 -1 -1 -1 -1 -1 -1 -1 -1 -1 -1 -1 -1 -1 -1 -1 -1 -1 -1 -1 -1 -1 -1 -1 -1 -1 -1 -1 -1 956 955 -1 -1 -1 -1 -1 -1 -1 -1 -1 -1 -1 -1 -1 -1 -1 -1 492 491 490 -1 -1 -1 -1 -1 -1 -1 -1 -1 -1 -1 -1 -1 -1 -1 -1 -1 -1 -1 -1 -1 -1 -1 -1 -1 -1 -1 -1 -1 -1 -1 -1 -1 -1 -1 -1 -1 -1
-1 -1 -1 -1 -1 -1 -1 -1 -1 -1 -1 -1 -1 -1 -1 -1 -1 -1 -1 -1 -1 -1 -1 -1 -1 -1 -1 -1 -1 -1 -1 -1 -1 -1 -1 -1 -1 -1 -1 -1 -1 -1 -1 -1 -1 -1 -1 -1 -1 -1 -1 -1 -1 -1 -1 -1 -1 -1 -1 -1 -1 -1 -1 -1 -1 -1 -1 -1 -1 -1 -1 -1 -1 -1 -1 -1 -1 -1 -1 -1 -1 -1 -1 -1 -1 -1 -1 -1 -1 -1 -1 -1 -1 -1 -1 -1 -1 -1 -1 -1 -1 -1 -1 -1 -1 -1 -1 -1 -1 -1 -1 -1 -1 -1 -1 -1 -1 -1 -1 -1 -1 -1 -1 -1 -1 -1 -1 -1 -1 -1 -1 -1 -1 -1 -1 -1 -1 -1 -1 -1
-1 -1 -1 -1 -1 -1 -1 -1 -1 -1 -1 -1 -1 -1 -1 -1 -1 -1 -1 -1 -1 -1 -1 -1 -1 -1 -1 -1 -1 -1 -1 -1 -1 -1 -1 -1 -1 -1 -1 -1 -1 -1 -1 -1 -1 -1 -1 -1 -1 -1 -1 -1 -1 -1 -1 -1 -1 -1 -1 -1 -1 -1 -1 -1 -1 -1 -1 -1 -1 -1 -1 -1 -1 -1 -1 -1 -1 -1 -1 -1 -1 -1 -1 -1 -1 -1 -1 -1 -1 -1 -1 -1 -1 -1 -1 -1 -1 -1 -1 -1 -1 -1 -1 -1 -1 -1 -1 -1 -1 -1 -1 -1 -1 -1 -1 -1 -1 -1 -1 -1 -1 -1 -1 -1 -1 -1 -1 -1 -1 -1 -1 -1 -1 -1 -1 -1 -1 -1 -1 -1
